Waf: Entering directory `/home/gman/Downloads/ns-allinone-3.29/ns-3.29/build'
Waf: Leaving directory `/home/gman/Downloads/ns-allinone-3.29/ns-3.29/build'
Build commands will be stored in build/compile_commands.json
'build' finished successfully (4.422s)
ns3::TcpNewReno
Application Data Rate: 
1Mbps
Channel Data Rate: 
4Mbps
1.00623	536
1.01363	1072
1.0221	1608
1.03056	2144
1.03785	2680
1.03964	3216
1.04632	3752
1.05529	4288
1.05765	4824
1.07129	5360
1.07365	5896
1.08729	6432
1.08965	6968
1.10329	7504
1.10565	8040
1.11929	8576
1.12165	9112
RxDrop at 1.13336
1.13529	9648
1.1513	1072
1.16847	1340
1.17665	1554
1.18512	1738
1.1933	1903
1.20058	2053
1.20758	2192
1.21647	2323
1.21854	2446
1.23247	2563
1.23454	2675
1.24847	2782
1.25054	2885
1.26447	2984
1.26654	3080
1.28047	3173
1.28254	3263
1.29647	3351
1.29854	3436
1.31247	3519
1.31454	3600
1.32847	3679
1.33054	3757
1.34447	3833
1.34654	3907
1.36047	3980
1.36254	4052
1.37647	4122
1.37854	4191
RxDrop at 1.38936
1.39366	4259
1.4073	1072
RxDrop at 1.42136
1.62329	1340
1.6452	1072
1.65978	1340
1.66824	1554
1.67671	1738
1.68518	1903
1.69247	2053
1.69976	2192
1.70704	2323
1.7094	2446
1.71551	2563
1.71787	2675
1.72398	2782
1.72634	2885
1.73245	2984
1.73481	3080
1.73974	3173
1.7421	3263
1.74702	3351
1.74938	3436
1.75174	3519
1.75549	3600
1.75785	3679
1.76021	3757
1.76396	3833
1.76632	3907
1.76868	3980
1.77125	4052
1.77361	4122
1.77597	4191
1.77854	4259
1.7809	4326
1.78326	4392
1.78582	4457
1.78818	4521
1.79054	4584
1.7929	4646
1.79526	4707
1.79762	4768
1.79998	4828
1.80234	4887
1.8047	4945
1.80706	5003
1.80942	5060
1.8113	5116
1.81366	5172
1.82329	5227
1.82565	5281
1.83929	5335
1.84165	5388
1.85529	5441
1.85765	5493
1.87129	5545
1.87365	5596
1.88729	5647
1.88965	5697
1.90329	5747
1.90565	5796
1.91929	5845
1.92165	5894
1.93529	5942
1.93765	5990
1.95129	6037
1.95365	6084
1.96729	6131
1.96965	6177
1.98329	6223
1.98565	6269
1.99929	6314
2.00165	6359
2.01529	6404
2.01765	6448
2.03129	6492
2.03365	6536
2.04729	6579
2.04965	6622
2.06329	6665
2.06565	6708
2.07929	6750
2.08165	6792
2.09529	6834
2.09765	6876
2.11129	6917
2.11365	6958
2.12729	6999
2.12965	7040
2.14329	7080
2.14565	7120
2.15929	7160
2.16165	7200
2.17529	7239
2.17765	7278
2.19129	7317
2.19365	7356
2.20729	7395
2.20965	7433
2.22329	7471
2.22565	7509
2.23929	7547
2.24165	7585
2.25529	7622
2.25765	7659
2.27129	7696
2.27365	7733
2.28729	7770
2.28965	7806
2.30329	7842
2.30565	7878
2.31929	7914
2.32165	7950
2.33529	7986
2.33765	8021
2.35129	8056
2.35365	8091
2.36729	8126
2.36965	8161
2.38329	8196
2.38565	8231
2.39929	8265
2.40165	8299
2.41529	8333
2.41765	8367
2.43129	8401
2.43365	8435
2.44729	8469
2.44965	8502
2.46329	8535
2.46565	8568
2.47929	8601
2.48165	8634
RxDrop at 2.49218
RxDrop at 2.49543
2.49648	8667
2.51132	1072
2.52886	1340
2.53704	1554
2.54551	1738
2.55369	1903
RxDrop at 2.55787
2.56217	2053
2.5753	1072
2.58959	1340
2.59806	1554
2.60624	1738
2.61353	1903
2.62053	2053
2.62782	2192
2.62989	2323
2.64047	2446
2.64254	2563
2.65647	2675
2.65854	2782
2.67247	2885
2.67454	2984
2.68847	3080
2.69054	3173
2.70447	3263
2.70654	3351
2.72047	3436
2.72254	3519
2.73647	3600
2.73854	3679
2.75247	3757
2.75454	3833
2.76847	3907
2.77054	3980
2.78447	4052
2.78654	4122
2.80047	4191
2.80254	4259
2.81647	4326
2.81854	4392
2.83247	4457
2.83454	4521
2.84847	4584
2.85054	4646
2.86447	4707
2.86654	4768
2.88047	4828
2.88254	4887
2.89647	4945
2.89854	5003
2.91247	5060
2.91454	5116
2.92847	5172
2.93054	5227
2.94447	5281
2.94654	5335
2.96047	5388
2.96254	5441
2.97647	5493
2.97854	5545
2.99247	5596
2.99454	5647
3.00847	5697
3.01054	5747
3.02447	5796
3.02654	5845
3.04047	5894
3.04254	5942
3.05647	5990
3.05854	6037
3.07247	6084
3.07454	6131
3.08847	6177
3.09054	6223
3.10447	6269
3.10654	6314
3.12047	6359
3.12254	6404
3.13647	6448
3.13854	6492
3.15247	6536
3.15454	6579
3.16847	6622
3.17054	6665
3.18447	6708
3.18654	6750
3.20047	6792
3.20254	6834
3.21647	6876
3.21854	6917
3.23247	6958
3.23454	6999
3.24847	7040
3.25054	7080
3.26447	7120
3.26654	7160
3.28047	7200
3.28254	7239
3.29647	7278
3.29854	7317
3.31247	7356
3.31454	7395
3.32847	7433
3.33054	7471
3.34447	7509
3.34654	7547
3.36047	7585
3.36254	7622
3.37647	7659
3.37854	7696
3.39247	7733
3.39454	7770
3.40847	7806
3.41054	7842
3.42447	7878
3.42654	7914
3.44047	7950
3.44254	7986
3.45647	8021
3.45854	8056
3.47247	8091
3.47454	8126
3.48847	8161
3.49054	8196
3.50447	8231
3.50654	8265
3.52047	8299
3.52254	8333
3.53647	8367
3.53854	8401
3.55247	8435
3.55454	8469
3.56847	8502
3.57054	8535
3.58447	8568
3.58654	8601
3.60047	8634
3.60254	8667
3.61647	8700
3.61854	8733
3.63247	8765
3.63454	8797
3.64847	8829
3.65054	8861
3.66447	8893
3.66654	8925
3.68047	8957
3.68254	8989
3.69647	9020
3.69854	9051
3.71247	9082
3.71454	9113
3.72847	9144
3.73054	9175
3.74447	9206
3.74654	9237
3.76047	9268
3.76254	9298
3.77647	9328
3.77854	9358
3.79247	9388
3.79454	9418
3.80847	9448
3.81054	9478
3.82447	9508
3.82654	9538
3.84047	9568
3.84254	9598
3.85647	9627
3.85854	9656
3.87247	9685
3.87454	9714
3.88847	9743
3.89054	9772
3.90447	9801
3.90654	9830
3.92047	9859
3.92254	9888
3.93647	9917
3.93854	9945
3.95247	9973
3.95454	10001
3.96847	10029
3.97054	10057
3.98447	10085
3.98654	10113
4.00047	10141
4.00254	10169
4.01647	10197
4.01854	10225
4.03247	10253
4.03454	10281
4.04847	10308
4.05054	10335
4.06447	10362
4.06654	10389
4.08047	10416
4.08254	10443
4.09647	10470
4.09854	10497
4.11247	10524
4.11454	10551
4.12847	10578
4.13054	10605
4.14447	10632
4.14654	10659
4.16047	10685
4.16254	10711
4.17647	10737
4.17854	10763
4.19247	10789
4.19454	10815
4.20847	10841
4.21054	10867
4.22447	10893
4.22654	10919
4.24047	10945
4.24254	10971
4.25647	10997
4.25854	11023
4.27247	11049
4.27454	11075
4.28847	11100
4.29054	11125
4.30447	11150
4.30654	11175
4.32047	11200
4.32254	11225
4.33647	11250
4.33854	11275
4.35247	11300
4.35454	11325
4.36847	11350
4.37054	11375
4.38447	11400
4.38654	11425
4.40047	11450
4.40254	11475
4.41647	11500
4.41854	11524
4.43247	11548
4.43454	11572
4.44847	11596
4.45054	11620
4.46447	11644
4.46654	11668
4.48047	11692
4.48254	11716
4.49647	11740
4.49854	11764
4.51247	11788
4.51454	11812
4.52847	11836
4.53054	11860
4.54447	11884
4.54654	11908
4.56047	11932
4.56254	11956
4.57647	11980
4.57854	12003
4.59247	12026
4.59454	12049
4.60847	12072
4.61054	12095
4.62447	12118
4.62654	12141
4.64047	12164
4.64254	12187
4.65647	12210
4.65854	12233
4.67247	12256
4.67454	12279
4.68847	12302
4.69054	12325
4.70447	12348
4.70654	12371
4.72047	12394
4.72254	12417
4.73647	12440
4.73854	12463
4.75247	12486
4.75454	12509
4.76847	12531
4.77054	12553
4.78447	12575
4.78654	12597
4.80047	12619
4.80254	12641
4.81647	12663
4.81854	12685
4.83247	12707
4.83454	12729
4.84847	12751
4.85054	12773
4.86447	12795
4.86654	12817
4.88047	12839
4.88254	12861
4.89647	12883
4.89854	12905
4.91247	12927
4.91454	12949
4.92847	12971
4.93054	12993
4.94447	13015
4.94654	13037
4.96047	13059
4.96254	13080
4.97647	13101
4.97854	13122
4.99247	13143
4.99454	13164
5.00847	13185
5.01054	13206
5.02447	13227
5.02654	13248
5.04047	13269
5.04254	13290
5.05647	13311
5.05854	13332
5.07247	13353
5.07454	13374
5.08847	13395
5.09054	13416
5.10447	13437
5.10654	13458
5.12047	13479
5.12254	13500
5.13647	13521
5.13854	13542
5.15247	13563
5.15454	13584
5.16847	13605
5.17054	13626
5.18447	13647
5.18654	13668
5.20047	13689
5.20254	13709
5.21647	13729
5.21854	13749
5.23247	13769
5.23454	13789
5.24847	13809
5.25054	13829
5.26447	13849
5.26654	13869
5.28047	13889
5.28254	13909
5.29647	13929
5.29854	13949
5.31247	13969
5.31454	13989
5.32847	14009
5.33054	14029
5.34447	14049
5.34654	14069
5.36047	14089
5.36254	14109
5.37647	14129
5.37854	14149
5.39247	14169
5.39454	14189
5.40847	14209
5.41054	14229
5.42447	14249
5.42654	14269
5.44047	14289
5.44254	14309
5.45647	14329
5.45854	14349
5.47247	14369
5.47454	14388
5.48847	14407
5.49054	14426
5.50447	14445
5.50654	14464
5.52047	14483
5.52254	14502
5.53647	14521
5.53854	14540
5.55247	14559
5.55454	14578
5.56847	14597
5.57054	14616
5.58447	14635
5.58654	14654
5.60047	14673
5.60254	14692
5.61647	14711
5.61854	14730
RxDrop at 5.63054
5.63247	14749
5.64848	1072
5.66447	1340
5.67265	1554
5.68112	1738
5.6893	1903
5.69658	2053
5.70358	2192
5.71247	2323
5.71454	2446
5.72847	2563
5.73054	2675
5.74447	2782
5.74654	2885
5.76047	2984
5.76254	3080
5.77647	3173
5.77854	3263
5.79247	3351
5.79454	3436
5.80847	3519
5.81054	3600
5.82447	3679
5.82654	3757
5.84047	3833
5.84254	3907
5.85647	3980
5.85854	4052
5.87247	4122
5.87454	4191
5.88847	4259
5.89054	4326
5.90447	4392
5.90654	4457
5.92047	4521
5.92254	4584
5.93647	4646
5.93854	4707
5.95247	4768
5.95454	4828
5.96847	4887
5.97054	4945
5.98447	5003
5.98654	5060
6.00047	5116
6.00254	5172
6.01647	5227
6.01854	5281
6.03247	5335
6.03454	5388
6.04847	5441
6.05054	5493
6.06447	5545
6.06654	5596
6.08047	5647
6.08254	5697
6.09647	5747
6.09854	5796
6.11247	5845
6.11454	5894
6.12847	5942
6.13054	5990
6.14447	6037
6.14654	6084
6.16047	6131
6.16254	6177
6.17647	6223
6.17854	6269
6.19247	6314
6.19454	6359
6.20847	6404
6.21054	6448
6.22447	6492
6.22654	6536
6.24047	6579
6.24254	6622
RxDrop at 6.25454
6.25647	6665
6.27248	1072
6.28847	1340
6.29665	1554
6.30512	1738
6.3133	1903
6.32058	2053
6.32758	2192
6.33647	2323
6.33854	2446
6.35247	2563
6.35454	2675
6.36847	2782
6.37054	2885
6.38447	2984
6.38654	3080
6.40047	3173
6.40254	3263
6.41647	3351
6.41854	3436
6.43247	3519
6.43454	3600
6.44847	3679
6.45054	3757
6.46447	3833
6.46654	3907
6.48047	3980
6.48254	4052
6.49647	4122
6.49854	4191
6.51247	4259
6.51454	4326
6.52847	4392
6.53054	4457
6.54447	4521
6.54654	4584
6.56047	4646
6.56254	4707
6.57647	4768
6.57854	4828
6.59247	4887
6.59454	4945
6.60847	5003
6.61054	5060
6.62447	5116
6.62654	5172
6.64047	5227
6.64254	5281
6.65647	5335
6.65854	5388
6.67247	5441
6.67454	5493
6.68847	5545
6.69054	5596
6.70447	5647
6.70654	5697
6.72047	5747
6.72254	5796
6.73647	5845
6.73854	5894
6.75247	5942
6.75454	5990
6.76847	6037
6.77054	6084
6.78447	6131
6.78654	6177
6.80047	6223
6.80254	6269
6.81647	6314
6.81854	6359
6.83247	6404
6.83454	6448
6.84847	6492
6.85054	6536
6.86447	6579
6.86654	6622
6.88047	6665
6.88254	6708
6.89647	6750
6.89854	6792
6.91247	6834
6.91454	6876
6.92847	6917
6.93054	6958
6.94447	6999
6.94654	7040
6.96047	7080
6.96254	7120
6.97647	7160
6.97854	7200
6.99247	7239
6.99454	7278
7.00847	7317
7.01054	7356
7.02447	7395
7.02654	7433
7.04047	7471
7.04254	7509
7.05647	7547
7.05854	7585
7.07247	7622
7.07454	7659
7.08847	7696
7.09054	7733
7.10447	7770
7.10654	7806
7.12047	7842
7.12254	7878
RxDrop at 7.13336
7.13766	7914
7.1513	1072
RxDrop at 7.16418
7.19738	1340
7.20585	1554
7.21432	1738
7.22278	1903
7.23007	2053
7.23157	2192
7.23854	2323
7.24061	2446
7.24847	2563
7.25054	2675
7.26447	2782
7.26654	2885
7.28047	2984
7.28254	3080
7.29647	3173
7.29854	3263
7.31247	3351
7.31454	3436
7.32847	3519
7.33054	3600
7.34447	3679
7.34654	3757
7.36047	3833
7.36254	3907
7.37647	3980
7.37854	4052
7.39247	4122
7.39454	4191
7.40847	4259
7.41054	4326
7.42447	4392
7.42654	4457
7.44047	4521
7.44254	4584
7.45647	4646
7.45854	4707
7.47247	4768
7.47454	4828
7.48847	4887
7.49054	4945
7.50447	5003
7.50654	5060
7.52047	5116
7.52254	5172
7.53647	5227
7.53854	5281
7.55247	5335
7.55454	5388
7.56847	5441
7.57054	5493
7.58447	5545
7.58654	5596
7.60047	5647
7.60254	5697
7.61647	5747
7.61854	5796
7.63247	5845
7.63454	5894
7.64847	5942
7.65054	5990
7.66447	6037
7.66654	6084
7.68047	6131
7.68254	6177
7.69647	6223
7.69854	6269
7.71247	6314
7.71454	6359
7.72847	6404
7.73054	6448
7.74447	6492
7.74654	6536
7.76047	6579
7.76254	6622
7.77647	6665
7.77854	6708
7.79247	6750
7.79454	6792
7.80847	6834
7.81054	6876
7.82447	6917
7.82654	6958
7.84047	6999
7.84254	7040
7.85647	7080
7.85854	7120
7.87247	7160
7.87454	7200
RxDrop at 7.88536
7.88966	7239
7.9033	1072
7.92047	1340
7.92865	1554
7.93712	1738
7.9453	1903
7.95258	2053
7.95958	2192
7.96847	2323
7.97054	2446
7.98447	2563
7.98654	2675
8.00047	2782
8.00254	2885
8.01647	2984
8.01854	3080
8.03247	3173
8.03454	3263
8.04847	3351
8.05054	3436
8.06447	3519
8.06654	3600
8.08047	3679
8.08254	3757
8.09647	3833
8.09854	3907
8.11247	3980
8.11454	4052
8.12847	4122
8.13054	4191
8.14447	4259
8.14654	4326
8.16047	4392
8.16254	4457
8.17647	4521
8.17854	4584
8.19247	4646
8.19454	4707
8.20847	4768
8.21054	4828
8.22447	4887
8.22654	4945
8.24047	5003
8.24254	5060
8.25647	5116
8.25854	5172
8.27247	5227
8.27454	5281
8.28847	5335
8.29054	5388
8.30447	5441
8.30654	5493
8.32047	5545
8.32254	5596
8.33647	5647
8.33854	5697
8.35247	5747
8.35454	5796
8.36847	5845
8.37054	5894
8.38447	5942
8.38654	5990
8.40047	6037
8.40254	6084
8.41647	6131
8.41854	6177
8.43247	6223
8.43454	6269
8.44847	6314
8.45054	6359
8.46447	6404
8.46654	6448
8.48047	6492
8.48254	6536
8.49647	6579
8.49854	6622
8.51247	6665
8.51454	6708
8.52847	6750
8.53054	6792
8.54447	6834
8.54654	6876
8.56047	6917
8.56254	6958
8.57647	6999
8.57854	7040
8.59247	7080
8.59454	7120
8.60847	7160
8.61054	7200
8.62447	7239
8.62654	7278
8.64047	7317
8.64254	7356
8.65647	7395
8.65854	7433
8.67247	7471
8.67454	7509
8.68847	7547
8.69054	7585
8.70447	7622
8.70654	7659
8.72047	7696
8.72254	7733
8.73647	7770
8.73854	7806
8.75247	7842
8.75454	7878
8.76847	7914
8.77054	7950
8.78447	7986
8.78654	8021
8.80047	8056
8.80254	8091
8.81647	8126
8.81854	8161
8.83247	8196
8.83454	8231
8.84847	8265
8.85054	8299
8.86447	8333
8.86654	8367
8.88047	8401
8.88254	8435
8.89647	8469
8.89854	8502
8.91247	8535
8.91454	8568
8.92847	8601
8.93054	8634
8.94447	8667
8.94654	8700
8.96047	8733
8.96254	8765
8.97647	8797
8.97854	8829
8.99247	8861
8.99454	8893
9.00847	8925
9.01054	8957
9.02447	8989
9.02654	9020
9.04047	9051
9.04254	9082
9.05647	9113
9.05854	9144
9.07247	9175
9.07454	9206
9.08847	9237
9.09054	9268
9.10447	9298
9.10654	9328
9.12047	9358
9.12254	9388
RxDrop at 9.13336
9.13766	9418
9.1513	1072
9.16847	1340
9.17665	1554
9.18512	1738
9.1933	1903
9.20058	2053
9.20758	2192
9.21647	2323
9.21854	2446
9.23247	2563
9.23454	2675
9.24847	2782
9.25054	2885
9.26447	2984
9.26654	3080
9.28047	3173
9.28254	3263
9.29647	3351
9.29854	3436
9.31247	3519
9.31454	3600
9.32847	3679
9.33054	3757
9.34447	3833
9.34654	3907
9.36047	3980
9.36254	4052
9.37647	4122
9.37854	4191
9.39247	4259
9.39454	4326
9.40847	4392
9.41054	4457
9.42447	4521
9.42654	4584
9.44047	4646
9.44254	4707
9.45647	4768
9.45854	4828
9.47247	4887
9.47454	4945
9.48847	5003
9.49054	5060
9.50447	5116
9.50654	5172
9.52047	5227
9.52254	5281
9.53647	5335
9.53854	5388
9.55247	5441
9.55454	5493
9.56847	5545
9.57054	5596
9.58447	5647
9.58654	5697
9.60047	5747
9.60254	5796
9.61647	5845
9.61854	5894
9.63247	5942
9.63454	5990
9.64847	6037
9.65054	6084
9.66447	6131
9.66654	6177
9.68047	6223
9.68254	6269
9.69647	6314
9.69854	6359
9.71247	6404
9.71454	6448
9.72847	6492
9.73054	6536
9.74447	6579
9.74654	6622
9.76047	6665
9.76254	6708
9.77647	6750
9.77854	6792
9.79247	6834
9.79454	6876
9.80847	6917
9.81054	6958
9.82447	6999
9.82654	7040
9.84047	7080
9.84254	7120
9.85647	7160
9.85854	7200
9.87247	7239
9.87454	7278
9.88847	7317
9.89054	7356
9.90447	7395
9.90654	7433
9.92047	7471
9.92254	7509
9.93647	7547
9.93854	7585
9.95247	7622
9.95454	7659
9.96847	7696
9.97054	7733
9.98447	7770
9.98654	7806
10.0005	7842
10.0025	7878
10.0165	7914
10.0185	7950
10.0325	7986
10.0345	8021
10.0485	8056
10.0505	8091
10.0645	8126
10.0665	8161
10.0805	8196
10.0825	8231
10.0965	8265
10.0985	8299
10.1125	8333
10.1145	8367
10.1285	8401
10.1305	8435
10.1445	8469
10.1465	8502
10.1605	8535
10.1625	8568
10.1765	8601
10.1785	8634
10.1925	8667
10.1945	8700
10.2085	8733
10.2105	8765
10.2245	8797
10.2265	8829
10.2405	8861
10.2425	8893
10.2565	8925
10.2585	8957
10.2725	8989
10.2745	9020
10.2885	9051
10.2905	9082
10.3045	9113
10.3065	9144
10.3205	9175
10.3225	9206
10.3365	9237
10.3385	9268
10.3525	9298
10.3545	9328
10.3685	9358
10.3705	9388
10.3845	9418
10.3865	9448
10.4005	9478
10.4025	9508
10.4165	9538
10.4185	9568
10.4325	9598
10.4345	9627
10.4485	9656
10.4505	9685
10.4645	9714
10.4665	9743
10.4805	9772
10.4825	9801
10.4965	9830
10.4985	9859
10.5125	9888
10.5145	9917
10.5285	9945
10.5305	9973
10.5445	10001
10.5465	10029
10.5605	10057
10.5625	10085
10.5765	10113
10.5785	10141
10.5925	10169
10.5945	10197
10.6085	10225
10.6105	10253
10.6245	10281
10.6265	10308
10.6405	10335
10.6425	10362
10.6565	10389
10.6585	10416
10.6725	10443
10.6745	10470
10.6885	10497
10.6905	10524
10.7045	10551
10.7065	10578
10.7205	10605
10.7225	10632
10.7365	10659
10.7385	10685
10.7525	10711
10.7545	10737
10.7685	10763
10.7705	10789
10.7845	10815
10.7865	10841
RxDrop at 10.7974
10.8017	10867
10.8153	1072
10.8325	1340
10.8406	1554
10.8491	1738
10.8573	1903
10.8646	2053
10.8716	2192
10.8805	2323
10.8825	2446
10.8965	2563
10.8985	2675
10.9125	2782
10.9145	2885
10.9285	2984
10.9305	3080
10.9445	3173
10.9465	3263
10.9605	3351
10.9625	3436
10.9765	3519
10.9785	3600
10.9925	3679
10.9945	3757
11.0085	3833
11.0105	3907
11.0245	3980
11.0265	4052
11.0405	4122
11.0425	4191
11.0565	4259
11.0585	4326
11.0725	4392
11.0745	4457
11.0885	4521
11.0905	4584
11.1045	4646
11.1065	4707
11.1205	4768
11.1225	4828
11.1365	4887
11.1385	4945
11.1525	5003
11.1545	5060
11.1685	5116
11.1705	5172
RxDrop at 11.1814
11.1857	5227
11.1993	1072
11.2165	1340
11.2246	1554
11.2331	1738
11.2413	1903
11.2486	2053
11.2556	2192
11.2645	2323
11.2665	2446
11.2805	2563
11.2825	2675
11.2965	2782
11.2985	2885
RxDrop at 11.3094
11.3137	2984
11.3273	1072
11.3445	1340
11.3526	1554
11.3611	1738
11.3693	1903
11.3766	2053
11.3836	2192
11.3925	2323
11.3945	2446
11.4085	2563
11.4105	2675
11.4245	2782
11.4265	2885
11.4405	2984
11.4425	3080
11.4565	3173
11.4585	3263
RxDrop at 11.4682
11.4746	1072
11.4891	1340
11.4973	1554
11.5058	1738
11.514	1903
11.5212	2053
11.5282	2192
11.5365	2323
11.5385	2446
11.5525	2563
11.5545	2675
11.5685	2782
11.5705	2885
11.5845	2984
11.5865	3080
11.6005	3173
11.6025	3263
11.6165	3351
11.6185	3436
11.6325	3519
11.6345	3600
11.6485	3679
11.6505	3757
11.6645	3833
11.6665	3907
11.6805	3980
11.6825	4052
11.6965	4122
11.6985	4191
11.7125	4259
11.7145	4326
11.7285	4392
11.7305	4457
11.7445	4521
11.7465	4584
11.7605	4646
11.7625	4707
11.7765	4768
11.7785	4828
11.7925	4887
11.7945	4945
11.8085	5003
11.8105	5060
11.8245	5116
11.8265	5172
11.8405	5227
11.8425	5281
11.8565	5335
11.8585	5388
11.8725	5441
11.8745	5493
11.8885	5545
11.8905	5596
11.9045	5647
11.9065	5697
11.9205	5747
11.9225	5796
11.9365	5845
11.9385	5894
11.9525	5942
11.9545	5990
11.9685	6037
11.9705	6084
11.9845	6131
11.9865	6177
12.0005	6223
12.0025	6269
12.0165	6314
12.0185	6359
12.0325	6404
12.0345	6448
12.0485	6492
12.0505	6536
12.0645	6579
12.0665	6622
12.0805	6665
12.0825	6708
12.0965	6750
12.0985	6792
12.1125	6834
12.1145	6876
12.1285	6917
12.1305	6958
12.1445	6999
12.1465	7040
12.1605	7080
12.1625	7120
12.1765	7160
12.1785	7200
12.1925	7239
12.1945	7278
12.2085	7317
12.2105	7356
12.2245	7395
12.2265	7433
12.2405	7471
12.2425	7509
12.2565	7547
12.2585	7585
12.2725	7622
12.2745	7659
12.2885	7696
12.2905	7733
12.3045	7770
12.3065	7806
12.3205	7842
12.3225	7878
12.3365	7914
12.3385	7950
12.3525	7986
12.3545	8021
12.3685	8056
12.3705	8091
12.3845	8126
12.3865	8161
12.4005	8196
12.4025	8231
12.4165	8265
12.4185	8299
12.4325	8333
12.4345	8367
12.4485	8401
12.4505	8435
12.4645	8469
12.4665	8502
12.4805	8535
12.4825	8568
12.4965	8601
12.4985	8634
12.5125	8667
12.5145	8700
12.5285	8733
12.5305	8765
12.5445	8797
12.5465	8829
12.5605	8861
12.5625	8893
12.5765	8925
12.5785	8957
12.5925	8989
12.5945	9020
12.6085	9051
12.6105	9082
12.6245	9113
12.6265	9144
12.6405	9175
12.6425	9206
12.6565	9237
12.6585	9268
12.6725	9298
12.6745	9328
12.6885	9358
12.6905	9388
RxDrop at 12.7002
12.7066	1072
12.7211	1340
12.7293	1554
12.7378	1738
12.746	1903
12.7532	2053
12.7602	2192
12.7685	2323
12.7705	2446
12.7845	2563
12.7865	2675
RxDrop at 12.7962
12.8026	1072
12.8171	1340
12.8253	1554
12.8338	1738
12.842	1903
12.8492	2053
12.8562	2192
12.8645	2323
12.8665	2446
12.8805	2563
12.8825	2675
12.8965	2782
12.8985	2885
12.9125	2984
12.9145	3080
RxDrop at 12.9242
RxDrop at 12.9274
12.9433	1072
12.9609	1340
12.969	1554
12.9775	1738
12.9857	1903
12.993	2053
13	2192
13.0085	2323
13.0105	2446
13.0245	2563
13.0265	2675
13.0405	2782
13.0425	2885
13.0565	2984
13.0585	3080
13.0725	3173
13.0745	3263
13.0885	3351
13.0905	3436
13.1045	3519
13.1065	3600
13.1205	3679
13.1225	3757
13.1365	3833
13.1385	3907
13.1525	3980
13.1545	4052
13.1685	4122
13.1705	4191
13.1845	4259
13.1865	4326
13.2005	4392
13.2025	4457
13.2165	4521
13.2185	4584
13.2325	4646
13.2345	4707
13.2485	4768
13.2505	4828
13.2645	4887
13.2665	4945
13.2805	5003
13.2825	5060
13.2965	5116
13.2985	5172
13.3125	5227
13.3145	5281
13.3285	5335
13.3305	5388
13.3445	5441
13.3465	5493
13.3605	5545
13.3625	5596
13.3765	5647
13.3785	5697
13.3925	5747
13.3945	5796
13.4085	5845
13.4105	5894
13.4245	5942
13.4265	5990
13.4405	6037
13.4425	6084
13.4565	6131
13.4585	6177
13.4725	6223
13.4745	6269
13.4885	6314
13.4905	6359
13.5045	6404
13.5065	6448
13.5205	6492
13.5225	6536
13.5365	6579
13.5385	6622
13.5525	6665
13.5545	6708
13.5685	6750
13.5705	6792
13.5845	6834
13.5865	6876
13.6005	6917
13.6025	6958
RxDrop at 13.6122
13.6186	1072
13.6331	1340
RxDrop at 13.6382
13.8404	1554
13.855	1072
13.8693	1340
13.8778	1554
13.8863	1738
13.8947	1903
13.902	2053
13.9093	2192
13.9166	2323
13.9189	2446
13.9251	2563
13.9274	2675
13.9335	2782
13.9359	2885
13.942	2984
13.9443	3080
RxDrop at 13.9462
13.9505	3173
13.9528	1072
13.9686	1340
13.9771	1554
13.9855	1738
13.994	1903
14.0013	2053
14.0086	2192
14.0159	2323
14.0182	2446
14.0243	2563
14.0267	2675
14.0328	2782
14.0352	2885
14.0413	2984
14.0436	3080
14.0486	3173
14.0509	3263
14.0559	3351
14.0582	3436
14.0606	3519
14.0643	3600
14.0667	3679
14.069	3757
14.0728	3833
14.0751	3907
14.0775	3980
14.0801	4052
14.0824	4122
14.0848	4191
14.0874	4259
14.0897	4326
14.0921	4392
14.0947	4457
14.0965	4521
14.0988	4584
14.1113	4646
14.1136	4707
14.1273	4768
14.1296	4828
14.1433	4887
14.1456	4945
14.1593	5003
14.1616	5060
14.1753	5116
14.1776	5172
14.1913	5227
14.1936	5281
14.2073	5335
14.2096	5388
14.2233	5441
14.2256	5493
14.2393	5545
14.2416	5596
14.2553	5647
14.2576	5697
14.2713	5747
14.2736	5796
14.2873	5845
14.2896	5894
14.3033	5942
14.3056	5990
14.3193	6037
14.3216	6084
14.3353	6131
14.3376	6177
14.3513	6223
14.3536	6269
14.3673	6314
14.3696	6359
14.3833	6404
14.3856	6448
14.3993	6492
14.4016	6536
14.4153	6579
14.4176	6622
14.4313	6665
14.4336	6708
14.4473	6750
14.4496	6792
14.4633	6834
14.4656	6876
14.4793	6917
14.4816	6958
14.4953	6999
14.4976	7040
14.5113	7080
14.5136	7120
14.5273	7160
14.5296	7200
14.5433	7239
14.5456	7278
14.5593	7317
14.5616	7356
14.5753	7395
14.5776	7433
14.5913	7471
14.5936	7509
14.6073	7547
14.6096	7585
14.6233	7622
14.6256	7659
14.6393	7696
14.6416	7733
14.6553	7770
14.6576	7806
14.6713	7842
14.6736	7878
14.6873	7914
14.6896	7950
14.7033	7986
14.7056	8021
14.7193	8056
14.7216	8091
14.7353	8126
14.7376	8161
14.7513	8196
14.7536	8231
14.7673	8265
14.7696	8299
14.7833	8333
14.7856	8367
RxDrop at 14.7962
14.8005	8401
14.8026	1072
14.8171	1340
14.8253	1554
14.8338	1738
14.842	1903
14.8492	2053
14.8562	2192
14.8645	2323
14.8665	2446
14.8805	2563
14.8825	2675
14.8965	2782
14.8985	2885
14.9125	2984
14.9145	3080
14.9285	3173
14.9305	3263
14.9445	3351
14.9465	3436
14.9605	3519
14.9625	3600
14.9765	3679
14.9785	3757
14.9925	3833
14.9945	3907
15.0085	3980
15.0105	4052
15.0245	4122
15.0265	4191
15.0405	4259
15.0425	4326
15.0565	4392
15.0585	4457
15.0725	4521
15.0745	4584
15.0885	4646
15.0905	4707
15.1045	4768
15.1065	4828
15.1205	4887
15.1225	4945
15.1365	5003
15.1385	5060
15.1525	5116
15.1545	5172
15.1685	5227
15.1705	5281
15.1845	5335
15.1865	5388
15.2005	5441
15.2025	5493
RxDrop at 15.2122
15.2186	1072
15.2331	1340
15.2413	1554
15.2498	1738
15.258	1903
15.2652	2053
15.2722	2192
15.2805	2323
15.2825	2446
15.2965	2563
15.2985	2675
15.3125	2782
15.3145	2885
15.3285	2984
15.3305	3080
15.3445	3173
15.3465	3263
15.3605	3351
15.3625	3436
15.3765	3519
15.3785	3600
15.3925	3679
15.3945	3757
15.4085	3833
15.4105	3907
15.4245	3980
15.4265	4052
15.4405	4122
15.4425	4191
15.4565	4259
15.4585	4326
15.4725	4392
15.4745	4457
15.4885	4521
15.4905	4584
15.5045	4646
15.5065	4707
15.5205	4768
15.5225	4828
15.5365	4887
15.5385	4945
15.5525	5003
15.5545	5060
15.5685	5116
15.5705	5172
15.5845	5227
15.5865	5281
15.6005	5335
15.6025	5388
15.6165	5441
15.6185	5493
15.6325	5545
15.6345	5596
15.6485	5647
15.6505	5697
15.6645	5747
15.6665	5796
15.6805	5845
15.6825	5894
15.6965	5942
15.6985	5990
15.7125	6037
15.7145	6084
15.7285	6131
15.7305	6177
15.7445	6223
15.7465	6269
15.7605	6314
15.7625	6359
15.7765	6404
15.7785	6448
15.7925	6492
15.7945	6536
15.8085	6579
15.8105	6622
15.8245	6665
15.8265	6708
15.8405	6750
15.8425	6792
15.8565	6834
15.8585	6876
15.8725	6917
15.8745	6958
15.8885	6999
15.8905	7040
15.9045	7080
15.9065	7120
15.9205	7160
15.9225	7200
15.9365	7239
15.9385	7278
15.9525	7317
15.9545	7356
15.9685	7395
15.9705	7433
15.9845	7471
15.9865	7509
16.0005	7547
16.0025	7585
16.0165	7622
16.0185	7659
16.0325	7696
16.0345	7733
16.0485	7770
16.0505	7806
RxDrop at 16.0634
16.0645	7842
16.0793	7878
16.0817	1072
16.0965	1340
16.1046	1554
16.1131	1738
16.1213	1903
16.1286	2053
16.1356	2192
16.1445	2323
16.1465	2446
16.1605	2563
16.1625	2675
16.1765	2782
16.1785	2885
16.1925	2984
16.1945	3080
16.2085	3173
16.2105	3263
16.2245	3351
16.2265	3436
16.2405	3519
16.2425	3600
16.2565	3679
16.2585	3757
16.2725	3833
16.2745	3907
16.2885	3980
16.2905	4052
16.3045	4122
16.3065	4191
16.3205	4259
16.3225	4326
16.3365	4392
16.3385	4457
16.3525	4521
16.3545	4584
16.3685	4646
16.3705	4707
16.3845	4768
16.3865	4828
16.4005	4887
16.4025	4945
16.4165	5003
16.4185	5060
16.4325	5116
16.4345	5172
16.4485	5227
16.4505	5281
16.4645	5335
16.4665	5388
RxDrop at 16.4762
16.4826	1072
16.4971	1340
16.5053	1554
16.5138	1738
16.522	1903
16.5292	2053
16.5362	2192
16.5445	2323
16.5465	2446
16.5605	2563
16.5625	2675
16.5765	2782
16.5785	2885
16.5925	2984
16.5945	3080
16.6085	3173
16.6105	3263
16.6245	3351
16.6265	3436
16.6405	3519
16.6425	3600
16.6565	3679
16.6585	3757
16.6725	3833
16.6745	3907
16.6885	3980
16.6905	4052
16.7045	4122
16.7065	4191
16.7205	4259
16.7225	4326
16.7365	4392
16.7385	4457
16.7525	4521
16.7545	4584
16.7685	4646
16.7705	4707
16.7845	4768
16.7865	4828
16.8005	4887
16.8025	4945
16.8165	5003
16.8185	5060
16.8325	5116
16.8345	5172
16.8485	5227
16.8505	5281
16.8645	5335
16.8665	5388
16.8805	5441
16.8825	5493
16.8965	5545
16.8985	5596
16.9125	5647
16.9145	5697
16.9285	5747
16.9305	5796
16.9445	5845
16.9465	5894
16.9605	5942
16.9625	5990
16.9765	6037
16.9785	6084
16.9925	6131
16.9945	6177
17.0085	6223
17.0105	6269
17.0245	6314
17.0265	6359
17.0405	6404
17.0425	6448
17.0565	6492
17.0585	6536
17.0725	6579
17.0745	6622
17.0885	6665
17.0905	6708
17.1045	6750
17.1065	6792
17.1205	6834
17.1225	6876
17.1365	6917
17.1385	6958
17.1525	6999
17.1545	7040
17.1685	7080
17.1705	7120
17.1845	7160
17.1865	7200
17.2005	7239
17.2025	7278
17.2165	7317
17.2185	7356
17.2325	7395
17.2345	7433
17.2485	7471
17.2505	7509
17.2645	7547
17.2665	7585
17.2805	7622
17.2825	7659
RxDrop at 17.2934
17.2977	7696
17.3113	1072
RxDrop at 17.3155
18.2977	536
18.5122	1072
18.5207	1340
18.5292	1554
18.5376	1738
18.5461	1903
18.5534	2053
18.5607	2192
18.568	2323
18.5703	2446
18.5764	2563
18.5788	2675
18.5849	2782
18.5873	2885
18.5934	2984
18.5957	3080
18.6007	3173
18.603	3263
18.608	3351
18.6103	3436
18.6127	3519
18.6164	3600
18.6188	3679
18.6211	3757
18.6249	3833
18.6273	3907
18.6296	3980
18.6322	4052
18.6345	4122
18.6369	4191
18.6395	4259
18.6418	4326
18.6442	4392
18.6468	4457
18.6491	4521
18.6515	4584
18.6538	4646
18.6562	4707
18.6586	4768
18.6609	4828
18.6633	4887
18.6656	4945
18.668	5003
18.6704	5060
18.6727	5116
18.6751	5172
18.6774	5227
18.6798	5281
18.6822	5335
18.6845	5388
18.6869	5441
18.6892	5493
18.6916	5545
18.694	5596
18.6963	5647
18.6987	5697
18.701	5747
18.7034	5796
18.7058	5845
18.7081	5894
18.7105	5942
18.7128	5990
18.7152	6037
18.7176	6084
RxDrop at 18.7192
18.7199	6131
18.7235	6177
18.7258	2412
18.7426	2531
18.7449	2644
18.751	2752
18.7534	2856
18.7595	2956
18.7619	3053
18.7668	3147
18.7691	3238
18.7741	3326
18.7764	3412
18.7788	3496
18.7825	3578
18.7849	3658
18.7873	3736
18.791	3812
18.7934	3887
18.7957	3960
18.7995	4032
18.8018	4103
18.8042	4173
18.8068	4241
18.8091	4308
18.8115	4374
18.8141	4439
18.8164	4503
18.8188	4566
18.8211	4628
18.8235	4690
18.8259	4751
18.8282	4811
18.8306	4870
18.8329	4928
18.8353	4986
18.8377	5043
18.84	5099
18.8424	5155
18.8447	5210
18.8471	5265
18.8495	5319
18.8518	5373
18.8542	5426
18.8557	5478
18.8645	5530
18.8665	5581
18.8805	5632
18.8825	5683
18.8965	5733
18.8985	5783
18.9125	5832
18.9145	5881
18.9285	5929
18.9305	5977
18.9445	6025
18.9465	6072
18.9605	6119
18.9625	6165
18.9765	6211
18.9785	6257
18.9925	6302
18.9945	6347
19.0085	6392
19.0105	6436
19.0245	6480
19.0265	6524
19.0405	6568
19.0425	6611
19.0565	6654
19.0585	6697
19.0725	6739
19.0745	6781
19.0885	6823
19.0905	6865
19.1045	6906
19.1065	6947
19.1205	6988
19.1225	7029
19.1365	7069
19.1385	7109
19.1525	7149
19.1545	7189
19.1685	7228
19.1705	7267
19.1845	7306
19.1865	7345
19.2005	7384
19.2025	7422
19.2165	7460
19.2185	7498
19.2325	7536
19.2345	7574
19.2485	7611
19.2505	7648
19.2645	7685
19.2665	7722
19.2805	7759
19.2825	7796
19.2965	7832
19.2985	7868
19.3125	7904
19.3145	7940
19.3285	7976
19.3305	8012
19.3445	8047
19.3465	8082
19.3605	8117
19.3625	8152
19.3765	8187
19.3785	8222
19.3925	8256
19.3945	8290
19.4085	8324
19.4105	8358
19.4245	8392
19.4265	8426
19.4405	8460
19.4425	8493
19.4565	8526
19.4585	8559
19.4725	8592
19.4745	8625
19.4885	8658
19.4905	8691
19.5045	8724
19.5065	8756
19.5205	8788
19.5225	8820
19.5365	8852
19.5385	8884
19.5525	8916
19.5545	8948
19.5685	8980
19.5705	9011
19.5845	9042
19.5865	9073
19.6005	9104
19.6025	9135
19.6165	9166
19.6185	9197
19.6325	9228
19.6345	9259
19.6485	9290
19.6505	9320
19.6645	9350
19.6665	9380
19.6805	9410
19.6825	9440
19.6965	9470
19.6985	9500
19.7125	9530
19.7145	9560
19.7285	9590
19.7305	9619
19.7445	9648
19.7465	9677
19.7605	9706
19.7625	9735
19.7765	9764
19.7785	9793
19.7925	9822
19.7945	9851
19.8085	9880
19.8105	9909
19.8245	9937
19.8265	9965
19.8405	9993
19.8425	10021
19.8565	10049
19.8585	10077
19.8725	10105
19.8745	10133
19.8885	10161
19.8905	10189
19.9045	10217
19.9065	10245
19.9205	10273
19.9225	10300
19.9365	10327
19.9385	10354
19.9525	10381
19.9545	10408
19.9685	10435
19.9705	10462
19.9845	10489
19.9865	10516
RxDrop at 19.9974
20.0017	10543
20.0153	1072
20.0325	1340
20.0406	1554
20.0491	1738
20.0573	1903
20.0646	2053
20.0716	2192
20.0805	2323
20.0825	2446
20.0965	2563
20.0985	2675
20.1125	2782
20.1145	2885
20.1285	2984
20.1305	3080
20.1445	3173
20.1465	3263
20.1605	3351
20.1625	3436
20.1765	3519
20.1785	3600
20.1925	3679
20.1945	3757
20.2085	3833
20.2105	3907
20.2245	3980
20.2265	4052
20.2405	4122
20.2425	4191
20.2565	4259
20.2585	4326
20.2725	4392
20.2745	4457
20.2885	4521
20.2905	4584
20.3045	4646
20.3065	4707
20.3205	4768
20.3225	4828
20.3365	4887
20.3385	4945
20.3525	5003
20.3545	5060
20.3685	5116
20.3705	5172
20.3845	5227
20.3865	5281
20.4005	5335
20.4025	5388
20.4165	5441
20.4185	5493
20.4325	5545
20.4345	5596
20.4485	5647
20.4505	5697
20.4645	5747
20.4665	5796
20.4805	5845
20.4825	5894
20.4965	5942
20.4985	5990
20.5125	6037
20.5145	6084
20.5285	6131
20.5305	6177
20.5445	6223
20.5465	6269
20.5605	6314
20.5625	6359
20.5765	6404
20.5785	6448
20.5925	6492
20.5945	6536
20.6085	6579
20.6105	6622
20.6245	6665
20.6265	6708
20.6405	6750
20.6425	6792
20.6565	6834
20.6585	6876
20.6725	6917
20.6745	6958
20.6885	6999
20.6905	7040
20.7045	7080
20.7065	7120
20.7205	7160
20.7225	7200
20.7365	7239
20.7385	7278
20.7525	7317
20.7545	7356
20.7685	7395
20.7705	7433
20.7845	7471
20.7865	7509
20.8005	7547
20.8025	7585
20.8165	7622
20.8185	7659
20.8325	7696
20.8345	7733
20.8485	7770
20.8505	7806
20.8645	7842
20.8665	7878
20.8805	7914
20.8825	7950
20.8965	7986
20.8985	8021
20.9125	8056
20.9145	8091
20.9285	8126
20.9305	8161
20.9445	8196
20.9465	8231
20.9605	8265
20.9625	8299
20.9765	8333
20.9785	8367
20.9925	8401
20.9945	8435
21.0085	8469
21.0105	8502
21.0245	8535
21.0265	8568
21.0405	8601
21.0425	8634
21.0565	8667
21.0585	8700
21.0725	8733
21.0745	8765
21.0885	8797
21.0905	8829
21.1045	8861
21.1065	8893
21.1205	8925
21.1225	8957
21.1365	8989
21.1385	9020
21.1525	9051
21.1545	9082
21.1685	9113
21.1705	9144
21.1845	9175
21.1865	9206
21.2005	9237
21.2025	9268
21.2165	9298
21.2185	9328
21.2325	9358
21.2345	9388
21.2485	9418
21.2505	9448
21.2645	9478
21.2665	9508
21.2805	9538
21.2825	9568
21.2965	9598
21.2985	9627
21.3125	9656
21.3145	9685
21.3285	9714
21.3305	9743
21.3445	9772
21.3465	9801
21.3605	9830
21.3625	9859
21.3765	9888
21.3785	9917
21.3925	9945
21.3945	9973
21.4085	10001
21.4105	10029
21.4245	10057
21.4265	10085
21.4405	10113
21.4425	10141
21.4565	10169
21.4585	10197
21.4725	10225
21.4745	10253
21.4885	10281
21.4905	10308
21.5045	10335
21.5065	10362
21.5205	10389
21.5225	10416
21.5365	10443
21.5385	10470
21.5525	10497
21.5545	10524
21.5685	10551
21.5705	10578
21.5845	10605
21.5865	10632
21.6005	10659
21.6025	10685
21.6165	10711
21.6185	10737
21.6325	10763
21.6345	10789
21.6485	10815
21.6505	10841
21.6645	10867
21.6665	10893
21.6805	10919
21.6825	10945
21.6965	10971
21.6985	10997
21.7125	11023
21.7145	11049
21.7285	11075
21.7305	11100
21.7445	11125
21.7465	11150
21.7605	11175
21.7625	11200
21.7765	11225
21.7785	11250
21.7925	11275
21.7945	11300
21.8085	11325
21.8105	11350
21.8245	11375
21.8265	11400
21.8405	11425
21.8425	11450
21.8565	11475
21.8585	11500
21.8725	11524
21.8745	11548
21.8885	11572
21.8905	11596
21.9045	11620
21.9065	11644
21.9205	11668
21.9225	11692
21.9365	11716
21.9385	11740
21.9525	11764
21.9545	11788
21.9685	11812
21.9705	11836
21.9845	11860
21.9865	11884
22.0005	11908
22.0025	11932
22.0165	11956
22.0185	11980
22.0325	12003
22.0345	12026
22.0485	12049
22.0505	12072
22.0645	12095
22.0665	12118
22.0805	12141
22.0825	12164
22.0965	12187
22.0985	12210
22.1125	12233
22.1145	12256
22.1285	12279
22.1305	12302
22.1445	12325
22.1465	12348
22.1605	12371
22.1625	12394
22.1765	12417
22.1785	12440
22.1925	12463
22.1945	12486
22.2085	12509
22.2105	12531
22.2245	12553
22.2265	12575
22.2405	12597
22.2425	12619
22.2565	12641
22.2585	12663
22.2725	12685
22.2745	12707
22.2885	12729
22.2905	12751
RxDrop at 22.3002
22.3066	1072
22.3211	1340
22.3293	1554
22.3378	1738
22.346	1903
22.3532	2053
22.3602	2192
22.3685	2323
22.3705	2446
22.3845	2563
22.3865	2675
22.4005	2782
22.4025	2885
22.4165	2984
22.4185	3080
22.4325	3173
22.4345	3263
22.4485	3351
22.4505	3436
22.4645	3519
22.4665	3600
22.4805	3679
22.4825	3757
22.4965	3833
22.4985	3907
22.5125	3980
22.5145	4052
22.5285	4122
22.5305	4191
22.5445	4259
22.5465	4326
RxDrop at 22.5585
22.5605	4392
22.5765	1072
22.5925	1340
22.6006	1554
22.6091	1738
22.6173	1903
22.6246	2053
22.6316	2192
22.6405	2323
22.6425	2446
22.6565	2563
22.6585	2675
22.6725	2782
22.6745	2885
22.6885	2984
22.6905	3080
22.7045	3173
22.7065	3263
22.7205	3351
22.7225	3436
22.7365	3519
22.7385	3600
22.7525	3679
22.7545	3757
22.7685	3833
22.7705	3907
22.7845	3980
22.7865	4052
22.8005	4122
22.8025	4191
22.8165	4259
22.8185	4326
22.8325	4392
22.8345	4457
22.8485	4521
22.8505	4584
22.8645	4646
22.8665	4707
22.8805	4768
22.8825	4828
22.8965	4887
22.8985	4945
22.9125	5003
22.9145	5060
22.9285	5116
22.9305	5172
22.9445	5227
22.9465	5281
22.9605	5335
22.9625	5388
22.9765	5441
22.9785	5493
22.9925	5545
22.9945	5596
23.0085	5647
23.0105	5697
23.0245	5747
23.0265	5796
23.0405	5845
23.0425	5894
23.0565	5942
23.0585	5990
23.0725	6037
23.0745	6084
23.0885	6131
23.0905	6177
23.1045	6223
23.1065	6269
23.1205	6314
23.1225	6359
23.1365	6404
23.1385	6448
23.1525	6492
23.1545	6536
23.1685	6579
23.1705	6622
23.1845	6665
23.1865	6708
23.2005	6750
23.2025	6792
23.2165	6834
23.2185	6876
23.2325	6917
23.2345	6958
23.2485	6999
23.2505	7040
23.2645	7080
23.2665	7120
23.2805	7160
23.2825	7200
23.2965	7239
23.2985	7278
23.3125	7317
23.3145	7356
23.3285	7395
23.3305	7433
23.3445	7471
23.3465	7509
23.3605	7547
23.3625	7585
23.3765	7622
23.3785	7659
23.3925	7696
23.3945	7733
23.4085	7770
23.4105	7806
23.4245	7842
23.4265	7878
23.4405	7914
23.4425	7950
23.4565	7986
23.4585	8021
23.4725	8056
23.4745	8091
23.4885	8126
23.4905	8161
23.5045	8196
23.5065	8231
23.5205	8265
23.5225	8299
23.5365	8333
23.5385	8367
23.5525	8401
23.5545	8435
23.5685	8469
23.5705	8502
23.5845	8535
23.5865	8568
23.6005	8601
23.6025	8634
23.6165	8667
23.6185	8700
23.6325	8733
23.6345	8765
23.6485	8797
23.6505	8829
23.6645	8861
23.6665	8893
23.6805	8925
23.6825	8957
23.6965	8989
23.6985	9020
23.7125	9051
23.7145	9082
23.7285	9113
23.7305	9144
23.7445	9175
23.7465	9206
23.7605	9237
23.7625	9268
23.7765	9298
23.7785	9328
23.7925	9358
23.7945	9388
23.8085	9418
23.8105	9448
23.8245	9478
23.8265	9508
23.8405	9538
23.8425	9568
23.8565	9598
23.8585	9627
23.8725	9656
23.8745	9685
23.8885	9714
23.8905	9743
23.9045	9772
23.9065	9801
23.9205	9830
23.9225	9859
23.9365	9888
23.9385	9917
23.9525	9945
23.9545	9973
23.9685	10001
23.9705	10029
23.9845	10057
23.9865	10085
24.0005	10113
24.0025	10141
24.0165	10169
24.0185	10197
24.0325	10225
24.0345	10253
24.0485	10281
24.0505	10308
24.0645	10335
24.0665	10362
24.0805	10389
24.0825	10416
24.0965	10443
24.0985	10470
24.1125	10497
24.1145	10524
24.1285	10551
24.1305	10578
24.1445	10605
24.1465	10632
24.1605	10659
24.1625	10685
24.1765	10711
24.1785	10737
24.1925	10763
24.1945	10789
24.2085	10815
24.2105	10841
24.2245	10867
24.2265	10893
24.2405	10919
24.2425	10945
24.2565	10971
24.2585	10997
24.2725	11023
24.2745	11049
24.2885	11075
24.2905	11100
24.3045	11125
24.3065	11150
24.3205	11175
24.3225	11200
24.3365	11225
24.3385	11250
24.3525	11275
24.3545	11300
24.3685	11325
24.3705	11350
24.3845	11375
24.3865	11400
24.4005	11425
24.4025	11450
24.4165	11475
24.4185	11500
24.4325	11524
24.4345	11548
24.4485	11572
24.4505	11596
24.4645	11620
24.4665	11644
24.4805	11668
24.4825	11692
24.4965	11716
24.4985	11740
24.5125	11764
24.5145	11788
24.5285	11812
24.5305	11836
24.5445	11860
24.5465	11884
24.5605	11908
24.5625	11932
24.5765	11956
24.5785	11980
24.5925	12003
24.5945	12026
24.6085	12049
24.6105	12072
24.6245	12095
24.6265	12118
24.6405	12141
24.6425	12164
24.6565	12187
24.6585	12210
24.6725	12233
24.6745	12256
24.6885	12279
24.6905	12302
24.7045	12325
24.7065	12348
24.7205	12371
24.7225	12394
24.7365	12417
24.7385	12440
24.7525	12463
24.7545	12486
24.7685	12509
24.7705	12531
24.7845	12553
24.7865	12575
24.8005	12597
24.8025	12619
24.8165	12641
24.8185	12663
24.8325	12685
24.8345	12707
24.8485	12729
24.8505	12751
24.8645	12773
24.8665	12795
24.8805	12817
24.8825	12839
24.8965	12861
24.8985	12883
24.9125	12905
24.9145	12927
24.9285	12949
24.9305	12971
24.9445	12993
24.9465	13015
24.9605	13037
24.9625	13059
24.9765	13080
24.9785	13101
24.9925	13122
24.9945	13143
25.0085	13164
25.0105	13185
25.0245	13206
25.0265	13227
25.0405	13248
25.0425	13269
25.0565	13290
25.0585	13311
25.0725	13332
25.0745	13353
25.0885	13374
25.0905	13395
25.1045	13416
25.1065	13437
25.1205	13458
25.1225	13479
25.1365	13500
25.1385	13521
25.1525	13542
25.1545	13563
25.1685	13584
25.1705	13605
25.1845	13626
25.1865	13647
25.2005	13668
25.2025	13689
25.2165	13709
25.2185	13729
25.2325	13749
25.2345	13769
25.2485	13789
25.2505	13809
25.2645	13829
25.2665	13849
25.2805	13869
25.2825	13889
25.2965	13909
25.2985	13929
25.3125	13949
25.3145	13969
25.3285	13989
25.3305	14009
25.3445	14029
25.3465	14049
25.3605	14069
25.3625	14089
25.3765	14109
25.3785	14129
25.3925	14149
25.3945	14169
25.4085	14189
25.4105	14209
25.4245	14229
25.4265	14249
25.4405	14269
25.4425	14289
25.4565	14309
25.4585	14329
25.4725	14349
25.4745	14369
25.4885	14388
25.4905	14407
25.5045	14426
25.5065	14445
25.5205	14464
25.5225	14483
25.5365	14502
25.5385	14521
25.5525	14540
25.5545	14559
25.5685	14578
25.5705	14597
25.5845	14616
25.5865	14635
25.6005	14654
25.6025	14673
25.6165	14692
25.6185	14711
25.6325	14730
25.6345	14749
25.6485	14768
25.6505	14787
25.6645	14806
25.6665	14825
25.6805	14844
25.6825	14863
25.6965	14882
25.6985	14901
25.7125	14920
25.7145	14939
25.7285	14958
25.7305	14977
25.7445	14996
25.7465	15015
25.7605	15034
25.7625	15053
25.7765	15072
25.7785	15091
25.7925	15110
25.7945	15129
25.8085	15147
25.8105	15165
25.8245	15183
25.8265	15201
25.8405	15219
25.8425	15237
25.8565	15255
25.8585	15273
25.8725	15291
25.8745	15309
25.8885	15327
25.8905	15345
25.9045	15363
25.9065	15381
25.9205	15399
25.9225	15417
25.9365	15435
25.9385	15453
25.9525	15471
25.9545	15489
RxDrop at 25.9642
25.9706	1072
25.9851	1340
25.9933	1554
26.0018	1738
26.01	1903
26.0172	2053
26.0242	2192
26.0325	2323
26.0345	2446
26.0485	2563
26.0505	2675
26.0645	2782
26.0665	2885
26.0805	2984
26.0825	3080
26.0965	3173
26.0985	3263
26.1125	3351
26.1145	3436
26.1285	3519
26.1305	3600
26.1445	3679
26.1465	3757
26.1605	3833
26.1625	3907
26.1765	3980
26.1785	4052
26.1925	4122
26.1945	4191
26.2085	4259
26.2105	4326
26.2245	4392
26.2265	4457
26.2405	4521
26.2425	4584
26.2565	4646
26.2585	4707
26.2725	4768
26.2745	4828
26.2885	4887
26.2905	4945
26.3045	5003
26.3065	5060
26.3205	5116
26.3225	5172
26.3365	5227
26.3385	5281
26.3525	5335
26.3545	5388
26.3685	5441
26.3705	5493
26.3845	5545
26.3865	5596
26.4005	5647
26.4025	5697
26.4165	5747
26.4185	5796
26.4325	5845
26.4345	5894
26.4485	5942
26.4505	5990
26.4645	6037
26.4665	6084
26.4805	6131
26.4825	6177
26.4965	6223
26.4985	6269
26.5125	6314
26.5145	6359
26.5285	6404
26.5305	6448
26.5445	6492
26.5465	6536
26.5605	6579
26.5625	6622
26.5765	6665
26.5785	6708
26.5925	6750
26.5945	6792
26.6085	6834
26.6105	6876
26.6245	6917
26.6265	6958
26.6405	6999
26.6425	7040
26.6565	7080
26.6585	7120
26.6725	7160
26.6745	7200
26.6885	7239
26.6905	7278
26.7045	7317
26.7065	7356
26.7205	7395
26.7225	7433
26.7365	7471
26.7385	7509
26.7525	7547
26.7545	7585
26.7685	7622
26.7705	7659
26.7845	7696
26.7865	7733
26.8005	7770
26.8025	7806
RxDrop at 26.8122
26.8186	1072
26.8331	1340
26.8413	1554
26.8498	1738
26.858	1903
26.8652	2053
26.8722	2192
26.8805	2323
26.8825	2446
26.8965	2563
26.8985	2675
26.9125	2782
26.9145	2885
26.9285	2984
26.9305	3080
26.9445	3173
26.9465	3263
26.9605	3351
26.9625	3436
26.9765	3519
26.9785	3600
26.9925	3679
26.9945	3757
27.0085	3833
27.0105	3907
27.0245	3980
27.0265	4052
27.0405	4122
27.0425	4191
27.0565	4259
27.0585	4326
27.0725	4392
27.0745	4457
27.0885	4521
27.0905	4584
27.1045	4646
27.1065	4707
27.1205	4768
27.1225	4828
27.1365	4887
27.1385	4945
27.1525	5003
27.1545	5060
27.1685	5116
27.1705	5172
27.1845	5227
27.1865	5281
27.2005	5335
27.2025	5388
27.2165	5441
27.2185	5493
27.2325	5545
27.2345	5596
27.2485	5647
27.2505	5697
27.2645	5747
27.2665	5796
27.2805	5845
27.2825	5894
27.2965	5942
27.2985	5990
27.3125	6037
27.3145	6084
27.3285	6131
27.3305	6177
27.3445	6223
27.3465	6269
27.3605	6314
27.3625	6359
27.3765	6404
27.3785	6448
27.3925	6492
27.3945	6536
27.4085	6579
27.4105	6622
27.4245	6665
27.4265	6708
27.4405	6750
27.4425	6792
27.4565	6834
27.4585	6876
27.4725	6917
27.4745	6958
27.4885	6999
27.4905	7040
27.5045	7080
27.5065	7120
27.5205	7160
27.5225	7200
27.5365	7239
27.5385	7278
27.5525	7317
27.5545	7356
27.5685	7395
27.5705	7433
27.5845	7471
27.5865	7509
27.6005	7547
27.6025	7585
27.6165	7622
27.6185	7659
27.6325	7696
27.6345	7733
27.6485	7770
27.6505	7806
27.6645	7842
27.6665	7878
27.6805	7914
27.6825	7950
27.6965	7986
27.6985	8021
27.7125	8056
27.7145	8091
27.7285	8126
27.7305	8161
27.7445	8196
27.7465	8231
27.7605	8265
27.7625	8299
27.7765	8333
27.7785	8367
27.7925	8401
27.7945	8435
27.8085	8469
27.8105	8502
27.8245	8535
27.8265	8568
27.8405	8601
27.8425	8634
27.8565	8667
27.8585	8700
27.8725	8733
27.8745	8765
27.8885	8797
27.8905	8829
27.9045	8861
27.9065	8893
27.9205	8925
27.9225	8957
RxDrop at 27.9345
27.9365	8989
27.9525	1072
27.9685	1340
27.9766	1554
27.9851	1738
27.9933	1903
28.0006	2053
28.0076	2192
28.0165	2323
28.0185	2446
28.0325	2563
28.0345	2675
28.0485	2782
28.0505	2885
28.0645	2984
28.0665	3080
28.0805	3173
28.0825	3263
28.0965	3351
28.0985	3436
28.1125	3519
28.1145	3600
28.1285	3679
28.1305	3757
28.1445	3833
28.1465	3907
28.1605	3980
28.1625	4052
28.1765	4122
28.1785	4191
28.1925	4259
28.1945	4326
28.2085	4392
28.2105	4457
28.2245	4521
28.2265	4584
28.2405	4646
28.2425	4707
28.2565	4768
28.2585	4828
28.2725	4887
28.2745	4945
28.2885	5003
28.2905	5060
28.3045	5116
28.3065	5172
28.3205	5227
28.3225	5281
28.3365	5335
28.3385	5388
28.3525	5441
28.3545	5493
28.3685	5545
28.3705	5596
28.3845	5647
28.3865	5697
28.4005	5747
28.4025	5796
28.4165	5845
28.4185	5894
28.4325	5942
28.4345	5990
28.4485	6037
28.4505	6084
28.4645	6131
28.4665	6177
28.4805	6223
28.4825	6269
28.4965	6314
28.4985	6359
28.5125	6404
28.5145	6448
28.5285	6492
28.5305	6536
28.5445	6579
28.5465	6622
28.5605	6665
28.5625	6708
28.5765	6750
28.5785	6792
28.5925	6834
28.5945	6876
28.6085	6917
28.6105	6958
28.6245	6999
28.6265	7040
28.6405	7080
28.6425	7120
28.6565	7160
28.6585	7200
28.6725	7239
28.6745	7278
28.6885	7317
28.6905	7356
28.7045	7395
28.7065	7433
28.7205	7471
28.7225	7509
28.7365	7547
28.7385	7585
28.7525	7622
28.7545	7659
28.7685	7696
28.7705	7733
28.7845	7770
28.7865	7806
28.8005	7842
28.8025	7878
28.8165	7914
28.8185	7950
28.8325	7986
28.8345	8021
28.8485	8056
28.8505	8091
28.8645	8126
28.8665	8161
28.8805	8196
28.8825	8231
28.8965	8265
28.8985	8299
28.9125	8333
28.9145	8367
28.9285	8401
28.9305	8435
28.9445	8469
28.9465	8502
28.9605	8535
28.9625	8568
28.9765	8601
28.9785	8634
28.9925	8667
28.9945	8700
29.0085	8733
29.0105	8765
29.0245	8797
29.0265	8829
29.0405	8861
29.0425	8893
29.0565	8925
29.0585	8957
29.0725	8989
29.0745	9020
29.0885	9051
29.0905	9082
29.1045	9113
29.1065	9144
29.1205	9175
29.1225	9206
29.1365	9237
29.1385	9268
29.1525	9298
29.1545	9328
29.1685	9358
29.1705	9388
29.1845	9418
29.1865	9448
29.2005	9478
29.2025	9508
29.2165	9538
29.2185	9568
29.2325	9598
29.2345	9627
29.2485	9656
29.2505	9685
29.2645	9714
29.2665	9743
29.2805	9772
29.2825	9801
29.2965	9830
29.2985	9859
29.3125	9888
29.3145	9917
RxDrop at 29.3242
29.3306	1072
29.3451	1340
29.3533	1554
29.3618	1738
29.37	1903
29.3772	2053
29.3842	2192
29.3925	2323
29.3945	2446
29.4085	2563
29.4105	2675
29.4245	2782
29.4265	2885
29.4405	2984
29.4425	3080
29.4565	3173
29.4585	3263
29.4725	3351
29.4745	3436
29.4885	3519
29.4905	3600
RxDrop at 29.5002
29.5066	1072
29.5211	1340
29.5293	1554
29.5378	1738
29.546	1903
29.5532	2053
29.5602	2192
29.5685	2323
29.5705	2446
29.5845	2563
29.5865	2675
29.6005	2782
29.6025	2885
29.6165	2984
29.6185	3080
29.6325	3173
29.6345	3263
29.6485	3351
29.6505	3436
29.6645	3519
29.6665	3600
29.6805	3679
29.6825	3757
29.6965	3833
29.6985	3907
29.7125	3980
29.7145	4052
29.7285	4122
29.7305	4191
29.7445	4259
29.7465	4326
29.7605	4392
29.7625	4457
29.7765	4521
29.7785	4584
29.7925	4646
29.7945	4707
29.8085	4768
29.8105	4828
29.8245	4887
29.8265	4945
29.8405	5003
29.8425	5060
29.8565	5116
29.8585	5172
29.8725	5227
29.8745	5281
29.8885	5335
29.8905	5388
29.9045	5441
29.9065	5493
29.9205	5545
29.9225	5596
29.9365	5647
29.9385	5697
29.9525	5747
29.9545	5796
29.9685	5845
29.9705	5894
29.9845	5942
29.9865	5990
30.0005	6037
30.0025	6084
RxDrop at 30.0134
30.0177	6131
30.0313	1072
30.0485	1340
30.0566	1554
30.0651	1738
30.0733	1903
30.0806	2053
30.0876	2192
RxDrop at 30.0922
30.0986	1072
30.1131	1340
30.1213	1554
30.1298	1738
30.138	1903
30.1452	2053
30.1522	2192
30.1605	2323
30.1625	2446
30.1765	2563
30.1785	2675
30.1925	2782
30.1945	2885
30.2085	2984
30.2105	3080
30.2245	3173
30.2265	3263
30.2405	3351
30.2425	3436
30.2565	3519
30.2585	3600
30.2725	3679
30.2745	3757
30.2885	3833
30.2905	3907
30.3045	3980
30.3065	4052
30.3205	4122
30.3225	4191
30.3365	4259
30.3385	4326
RxDrop at 30.3505
30.3525	4392
30.3685	1072
30.3845	1340
30.3926	1554
30.4011	1738
30.4093	1903
30.4166	2053
30.4236	2192
30.4325	2323
30.4345	2446
30.4485	2563
30.4505	2675
30.4645	2782
30.4665	2885
RxDrop at 30.4774
30.4817	2984
30.4953	1072
30.5125	1340
30.5206	1554
30.5291	1738
30.5373	1903
30.5446	2053
30.5516	2192
30.5605	2323
30.5625	2446
30.5765	2563
30.5785	2675
30.5925	2782
30.5945	2885
30.6085	2984
30.6105	3080
30.6245	3173
30.6265	3263
30.6405	3351
30.6425	3436
30.6565	3519
30.6585	3600
30.6725	3679
30.6745	3757
30.6885	3833
30.6905	3907
30.7045	3980
30.7065	4052
30.7205	4122
30.7225	4191
30.7365	4259
30.7385	4326
30.7525	4392
30.7545	4457
30.7685	4521
30.7705	4584
30.7845	4646
30.7865	4707
30.8005	4768
30.8025	4828
30.8165	4887
30.8185	4945
30.8325	5003
30.8345	5060
30.8485	5116
30.8505	5172
30.8645	5227
30.8665	5281
30.8805	5335
30.8825	5388
30.8965	5441
30.8985	5493
30.9125	5545
30.9145	5596
30.9285	5647
30.9305	5697
30.9445	5747
30.9465	5796
30.9605	5845
30.9625	5894
30.9765	5942
30.9785	5990
30.9925	6037
30.9945	6084
31.0085	6131
31.0105	6177
31.0245	6223
31.0265	6269
31.0405	6314
31.0425	6359
31.0565	6404
31.0585	6448
31.0725	6492
31.0745	6536
31.0885	6579
31.0905	6622
31.1045	6665
31.1065	6708
31.1205	6750
31.1225	6792
31.1365	6834
31.1385	6876
31.1525	6917
31.1545	6958
31.1685	6999
31.1705	7040
31.1845	7080
31.1865	7120
31.2005	7160
31.2025	7200
31.2165	7239
31.2185	7278
31.2325	7317
31.2345	7356
31.2485	7395
31.2505	7433
31.2645	7471
31.2665	7509
31.2805	7547
31.2825	7585
31.2965	7622
31.2985	7659
31.3125	7696
31.3145	7733
31.3285	7770
31.3305	7806
31.3445	7842
31.3465	7878
31.3605	7914
31.3625	7950
31.3765	7986
31.3785	8021
31.3925	8056
31.3945	8091
31.4085	8126
31.4105	8161
31.4245	8196
31.4265	8231
31.4405	8265
31.4425	8299
31.4565	8333
31.4585	8367
31.4725	8401
31.4745	8435
31.4885	8469
31.4905	8502
31.5045	8535
31.5065	8568
31.5205	8601
31.5225	8634
31.5365	8667
31.5385	8700
31.5525	8733
31.5545	8765
31.5685	8797
31.5705	8829
31.5845	8861
31.5865	8893
31.6005	8925
31.6025	8957
31.6165	8989
31.6185	9020
31.6325	9051
31.6345	9082
31.6485	9113
31.6505	9144
31.6645	9175
31.6665	9206
31.6805	9237
31.6825	9268
31.6965	9298
31.6985	9328
31.7125	9358
31.7145	9388
31.7285	9418
31.7305	9448
31.7445	9478
31.7465	9508
31.7605	9538
31.7625	9568
31.7765	9598
31.7785	9627
31.7925	9656
31.7945	9685
31.8085	9714
31.8105	9743
31.8245	9772
31.8265	9801
31.8405	9830
31.8425	9859
31.8565	9888
31.8585	9917
31.8725	9945
31.8745	9973
31.8885	10001
31.8905	10029
31.9045	10057
31.9065	10085
31.9205	10113
31.9225	10141
RxDrop at 31.9345
31.9365	10169
31.9525	1072
31.9685	1340
31.9766	1554
31.9851	1738
31.9933	1903
32.0006	2053
32.0076	2192
32.0165	2323
32.0185	2446
32.0325	2563
32.0345	2675
32.0485	2782
32.0505	2885
32.0645	2984
32.0665	3080
32.0805	3173
32.0825	3263
32.0965	3351
32.0985	3436
32.1125	3519
32.1145	3600
32.1285	3679
32.1305	3757
32.1445	3833
32.1465	3907
32.1605	3980
32.1625	4052
32.1765	4122
32.1785	4191
32.1925	4259
32.1945	4326
32.2085	4392
32.2105	4457
32.2245	4521
32.2265	4584
32.2405	4646
32.2425	4707
32.2565	4768
32.2585	4828
32.2725	4887
32.2745	4945
32.2885	5003
32.2905	5060
32.3045	5116
32.3065	5172
32.3205	5227
32.3225	5281
32.3365	5335
32.3385	5388
32.3525	5441
32.3545	5493
32.3685	5545
32.3705	5596
32.3845	5647
32.3865	5697
RxDrop at 32.3985
32.4005	5747
32.4165	1072
32.4325	1340
32.4406	1554
32.4491	1738
32.4573	1903
32.4646	2053
32.4716	2192
32.4805	2323
32.4825	2446
32.4965	2563
32.4985	2675
32.5125	2782
32.5145	2885
32.5285	2984
32.5305	3080
32.5445	3173
32.5465	3263
32.5605	3351
32.5625	3436
32.5765	3519
32.5785	3600
32.5925	3679
32.5945	3757
32.6085	3833
32.6105	3907
32.6245	3980
32.6265	4052
32.6405	4122
32.6425	4191
32.6565	4259
32.6585	4326
32.6725	4392
32.6745	4457
32.6885	4521
32.6905	4584
32.7045	4646
32.7065	4707
32.7205	4768
32.7225	4828
32.7365	4887
32.7385	4945
32.7525	5003
32.7545	5060
32.7685	5116
32.7705	5172
32.7845	5227
32.7865	5281
32.8005	5335
32.8025	5388
32.8165	5441
32.8185	5493
32.8325	5545
32.8345	5596
32.8485	5647
32.8505	5697
32.8645	5747
32.8665	5796
32.8805	5845
32.8825	5894
32.8965	5942
32.8985	5990
32.9125	6037
32.9145	6084
32.9285	6131
32.9305	6177
32.9445	6223
32.9465	6269
32.9605	6314
32.9625	6359
32.9765	6404
32.9785	6448
32.9925	6492
32.9945	6536
33.0085	6579
33.0105	6622
33.0245	6665
33.0265	6708
33.0405	6750
33.0425	6792
33.0565	6834
33.0585	6876
33.0725	6917
33.0745	6958
33.0885	6999
33.0905	7040
33.1045	7080
33.1065	7120
33.1205	7160
33.1225	7200
33.1365	7239
33.1385	7278
33.1525	7317
33.1545	7356
33.1685	7395
33.1705	7433
33.1845	7471
33.1865	7509
33.2005	7547
33.2025	7585
33.2165	7622
33.2185	7659
33.2325	7696
33.2345	7733
33.2485	7770
33.2505	7806
33.2645	7842
33.2665	7878
33.2805	7914
33.2825	7950
33.2965	7986
33.2985	8021
33.3125	8056
33.3145	8091
33.3285	8126
33.3305	8161
33.3445	8196
33.3465	8231
33.3605	8265
33.3625	8299
33.3765	8333
33.3785	8367
33.3925	8401
33.3945	8435
33.4085	8469
33.4105	8502
33.4245	8535
33.4265	8568
33.4405	8601
33.4425	8634
33.4565	8667
33.4585	8700
33.4725	8733
33.4745	8765
33.4885	8797
33.4905	8829
33.5045	8861
33.5065	8893
33.5205	8925
33.5225	8957
33.5365	8989
33.5385	9020
33.5525	9051
33.5545	9082
33.5685	9113
33.5705	9144
33.5845	9175
33.5865	9206
33.6005	9237
33.6025	9268
33.6165	9298
33.6185	9328
33.6325	9358
33.6345	9388
33.6485	9418
33.6505	9448
33.6645	9478
33.6665	9508
33.6805	9538
33.6825	9568
33.6965	9598
33.6985	9627
33.7125	9656
33.7145	9685
33.7285	9714
33.7305	9743
33.7445	9772
33.7465	9801
33.7605	9830
33.7625	9859
33.7765	9888
33.7785	9917
33.7925	9945
33.7945	9973
33.8085	10001
33.8105	10029
33.8245	10057
33.8265	10085
RxDrop at 33.8374
33.8417	10113
33.8553	1072
33.8725	1340
33.8806	1554
33.8891	1738
33.8973	1903
33.9046	2053
33.9116	2192
33.9205	2323
33.9225	2446
33.9365	2563
33.9385	2675
33.9525	2782
33.9545	2885
33.9685	2984
33.9705	3080
33.9845	3173
33.9865	3263
34.0005	3351
34.0025	3436
34.0165	3519
34.0185	3600
34.0325	3679
34.0345	3757
34.0485	3833
34.0505	3907
34.0645	3980
34.0665	4052
34.0805	4122
34.0825	4191
34.0965	4259
34.0985	4326
34.1125	4392
34.1145	4457
34.1285	4521
34.1305	4584
34.1445	4646
34.1465	4707
RxDrop at 34.1574
34.1617	4768
34.1753	1072
34.1925	1340
34.2006	1554
34.2091	1738
34.2173	1903
34.2246	2053
34.2316	2192
34.2405	2323
34.2425	2446
34.2565	2563
34.2585	2675
34.2725	2782
34.2745	2885
34.2885	2984
34.2905	3080
34.3045	3173
34.3065	3263
34.3205	3351
34.3225	3436
34.3365	3519
34.3385	3600
34.3525	3679
34.3545	3757
RxDrop at 34.3654
34.3697	3833
34.3833	1072
34.4005	1340
34.4086	1554
34.4171	1738
34.4253	1903
34.4326	2053
34.4396	2192
34.4485	2323
34.4505	2446
34.4645	2563
34.4665	2675
34.4805	2782
34.4825	2885
34.4965	2984
34.4985	3080
34.5125	3173
34.5145	3263
34.5285	3351
34.5305	3436
34.5445	3519
34.5465	3600
34.5605	3679
34.5625	3757
34.5765	3833
34.5785	3907
34.5925	3980
34.5945	4052
34.6085	4122
34.6105	4191
34.6245	4259
34.6265	4326
34.6405	4392
34.6425	4457
34.6565	4521
34.6585	4584
34.6725	4646
34.6745	4707
34.6885	4768
34.6905	4828
34.7045	4887
34.7065	4945
RxDrop at 34.7194
34.7205	5003
34.7353	5060
34.7377	1072
34.7525	1340
34.7606	1554
34.7691	1738
34.7773	1903
34.7846	2053
34.7916	2192
34.8005	2323
34.8025	2446
34.8165	2563
34.8185	2675
34.8325	2782
34.8345	2885
34.8485	2984
34.8505	3080
34.8645	3173
34.8665	3263
34.8805	3351
34.8825	3436
34.8965	3519
34.8985	3600
34.9125	3679
34.9145	3757
34.9285	3833
34.9305	3907
34.9445	3980
34.9465	4052
34.9605	4122
34.9625	4191
34.9765	4259
34.9785	4326
34.9925	4392
34.9945	4457
35.0085	4521
35.0105	4584
35.0245	4646
35.0265	4707
35.0405	4768
35.0425	4828
35.0565	4887
35.0585	4945
35.0725	5003
35.0745	5060
35.0885	5116
35.0905	5172
35.1045	5227
35.1065	5281
35.1205	5335
35.1225	5388
35.1365	5441
35.1385	5493
35.1525	5545
35.1545	5596
35.1685	5647
35.1705	5697
35.1845	5747
35.1865	5796
35.2005	5845
35.2025	5894
35.2165	5942
35.2185	5990
35.2325	6037
35.2345	6084
35.2485	6131
35.2505	6177
35.2645	6223
35.2665	6269
35.2805	6314
35.2825	6359
35.2965	6404
35.2985	6448
35.3125	6492
35.3145	6536
35.3285	6579
35.3305	6622
35.3445	6665
35.3465	6708
35.3605	6750
35.3625	6792
35.3765	6834
35.3785	6876
35.3925	6917
35.3945	6958
35.4085	6999
35.4105	7040
35.4245	7080
35.4265	7120
35.4405	7160
35.4425	7200
35.4565	7239
35.4585	7278
35.4725	7317
35.4745	7356
35.4885	7395
35.4905	7433
35.5045	7471
35.5065	7509
35.5205	7547
35.5225	7585
35.5365	7622
35.5385	7659
35.5525	7696
35.5545	7733
35.5685	7770
35.5705	7806
35.5845	7842
35.5865	7878
35.6005	7914
35.6025	7950
35.6165	7986
35.6185	8021
35.6325	8056
35.6345	8091
35.6485	8126
35.6505	8161
35.6645	8196
35.6665	8231
35.6805	8265
35.6825	8299
35.6965	8333
35.6985	8367
35.7125	8401
35.7145	8435
35.7285	8469
35.7305	8502
35.7445	8535
35.7465	8568
35.7605	8601
35.7625	8634
35.7765	8667
35.7785	8700
35.7925	8733
35.7945	8765
35.8085	8797
35.8105	8829
35.8245	8861
35.8265	8893
35.8405	8925
35.8425	8957
35.8565	8989
35.8585	9020
35.8725	9051
35.8745	9082
35.8885	9113
35.8905	9144
35.9045	9175
35.9065	9206
35.9205	9237
35.9225	9268
35.9365	9298
35.9385	9328
35.9525	9358
35.9545	9388
35.9685	9418
35.9705	9448
35.9845	9478
35.9865	9508
36.0005	9538
36.0025	9568
36.0165	9598
36.0185	9627
36.0325	9656
36.0345	9685
36.0485	9714
36.0505	9743
36.0645	9772
36.0665	9801
36.0805	9830
36.0825	9859
36.0965	9888
36.0985	9917
36.1125	9945
36.1145	9973
36.1285	10001
36.1305	10029
36.1445	10057
36.1465	10085
36.1605	10113
36.1625	10141
36.1765	10169
36.1785	10197
36.1925	10225
36.1945	10253
36.2085	10281
36.2105	10308
36.2245	10335
36.2265	10362
36.2405	10389
36.2425	10416
36.2565	10443
36.2585	10470
36.2725	10497
36.2745	10524
36.2885	10551
36.2905	10578
36.3045	10605
36.3065	10632
36.3205	10659
36.3225	10685
36.3365	10711
36.3385	10737
RxDrop at 36.3482
36.3546	1072
36.3691	1340
36.3773	1554
36.3858	1738
36.394	1903
36.4012	2053
36.4082	2192
36.4165	2323
36.4185	2446
36.4325	2563
36.4345	2675
36.4485	2782
36.4505	2885
36.4645	2984
36.4665	3080
36.4805	3173
36.4825	3263
36.4965	3351
36.4985	3436
36.5125	3519
36.5145	3600
36.5285	3679
36.5305	3757
36.5445	3833
36.5465	3907
36.5605	3980
36.5625	4052
36.5765	4122
36.5785	4191
36.5925	4259
36.5945	4326
36.6085	4392
36.6105	4457
36.6245	4521
36.6265	4584
36.6405	4646
36.6425	4707
36.6565	4768
36.6585	4828
36.6725	4887
36.6745	4945
36.6885	5003
36.6905	5060
36.7045	5116
36.7065	5172
36.7205	5227
36.7225	5281
36.7365	5335
36.7385	5388
36.7525	5441
36.7545	5493
36.7685	5545
36.7705	5596
36.7845	5647
36.7865	5697
36.8005	5747
36.8025	5796
36.8165	5845
36.8185	5894
36.8325	5942
36.8345	5990
36.8485	6037
36.8505	6084
36.8645	6131
36.8665	6177
36.8805	6223
36.8825	6269
36.8965	6314
36.8985	6359
36.9125	6404
36.9145	6448
36.9285	6492
36.9305	6536
36.9445	6579
36.9465	6622
36.9605	6665
36.9625	6708
36.9765	6750
36.9785	6792
36.9925	6834
36.9945	6876
37.0085	6917
37.0105	6958
37.0245	6999
37.0265	7040
37.0405	7080
37.0425	7120
37.0565	7160
37.0585	7200
37.0725	7239
37.0745	7278
37.0885	7317
37.0905	7356
37.1045	7395
37.1065	7433
37.1205	7471
37.1225	7509
37.1365	7547
37.1385	7585
37.1525	7622
37.1545	7659
37.1685	7696
37.1705	7733
RxDrop at 37.1825
37.1845	7770
37.2005	1072
37.2165	1340
37.2246	1554
37.2331	1738
37.2413	1903
37.2486	2053
37.2556	2192
37.2645	2323
37.2665	2446
37.2805	2563
37.2825	2675
37.2965	2782
37.2985	2885
37.3125	2984
37.3145	3080
37.3285	3173
37.3305	3263
37.3445	3351
37.3465	3436
37.3605	3519
37.3625	3600
37.3765	3679
37.3785	3757
37.3925	3833
37.3945	3907
37.4085	3980
37.4105	4052
37.4245	4122
37.4265	4191
37.4405	4259
37.4425	4326
37.4565	4392
37.4585	4457
37.4725	4521
37.4745	4584
37.4885	4646
37.4905	4707
37.5045	4768
37.5065	4828
37.5205	4887
37.5225	4945
37.5365	5003
37.5385	5060
37.5525	5116
37.5545	5172
37.5685	5227
37.5705	5281
37.5845	5335
37.5865	5388
37.6005	5441
37.6025	5493
37.6165	5545
37.6185	5596
37.6325	5647
37.6345	5697
37.6485	5747
37.6505	5796
37.6645	5845
37.6665	5894
37.6805	5942
37.6825	5990
37.6965	6037
37.6985	6084
37.7125	6131
37.7145	6177
37.7285	6223
37.7305	6269
37.7445	6314
37.7465	6359
37.7605	6404
37.7625	6448
37.7765	6492
37.7785	6536
37.7925	6579
37.7945	6622
37.8085	6665
37.8105	6708
37.8245	6750
37.8265	6792
37.8405	6834
37.8425	6876
37.8565	6917
37.8585	6958
37.8725	6999
37.8745	7040
37.8885	7080
37.8905	7120
37.9045	7160
37.9065	7200
37.9205	7239
37.9225	7278
37.9365	7317
37.9385	7356
37.9525	7395
37.9545	7433
37.9685	7471
37.9705	7509
37.9845	7547
37.9865	7585
38.0005	7622
38.0025	7659
38.0165	7696
38.0185	7733
38.0325	7770
38.0345	7806
38.0485	7842
38.0505	7878
38.0645	7914
38.0665	7950
38.0805	7986
38.0825	8021
38.0965	8056
38.0985	8091
38.1125	8126
38.1145	8161
38.1285	8196
38.1305	8231
38.1445	8265
38.1465	8299
38.1605	8333
38.1625	8367
38.1765	8401
38.1785	8435
38.1925	8469
38.1945	8502
38.2085	8535
38.2105	8568
38.2245	8601
38.2265	8634
38.2405	8667
38.2425	8700
38.2565	8733
38.2585	8765
38.2725	8797
38.2745	8829
38.2885	8861
38.2905	8893
38.3045	8925
38.3065	8957
38.3205	8989
38.3225	9020
38.3365	9051
38.3385	9082
38.3525	9113
38.3545	9144
38.3685	9175
38.3705	9206
38.3845	9237
38.3865	9268
38.4005	9298
38.4025	9328
38.4165	9358
38.4185	9388
38.4325	9418
38.4345	9448
38.4485	9478
38.4505	9508
38.4645	9538
38.4665	9568
38.4805	9598
38.4825	9627
38.4965	9656
38.4985	9685
38.5125	9714
38.5145	9743
38.5285	9772
38.5305	9801
38.5445	9830
38.5465	9859
38.5605	9888
38.5625	9917
38.5765	9945
38.5785	9973
38.5925	10001
38.5945	10029
38.6085	10057
38.6105	10085
38.6245	10113
38.6265	10141
38.6405	10169
38.6425	10197
38.6565	10225
38.6585	10253
38.6725	10281
38.6745	10308
38.6885	10335
38.6905	10362
38.7045	10389
38.7065	10416
38.7205	10443
38.7225	10470
38.7365	10497
38.7385	10524
38.7525	10551
38.7545	10578
38.7685	10605
38.7705	10632
38.7845	10659
38.7865	10685
38.8005	10711
38.8025	10737
38.8165	10763
38.8185	10789
38.8325	10815
38.8345	10841
38.8485	10867
38.8505	10893
38.8645	10919
38.8665	10945
38.8805	10971
38.8825	10997
38.8965	11023
38.8985	11049
38.9125	11075
38.9145	11100
38.9285	11125
38.9305	11150
38.9445	11175
38.9465	11200
38.9605	11225
38.9625	11250
38.9765	11275
38.9785	11300
38.9925	11325
38.9945	11350
39.0085	11375
39.0105	11400
RxDrop at 39.0202
39.0266	1072
39.0411	1340
39.0493	1554
39.0578	1738
39.066	1903
RxDrop at 39.0713
39.0732	2053
39.0885	1072
39.1045	1340
39.1126	1554
39.1211	1738
39.1293	1903
39.1366	2053
39.1436	2192
39.1525	2323
39.1545	2446
39.1685	2563
39.1705	2675
39.1845	2782
39.1865	2885
39.2005	2984
39.2025	3080
39.2165	3173
39.2185	3263
39.2325	3351
39.2345	3436
39.2485	3519
39.2505	3600
39.2645	3679
39.2665	3757
39.2805	3833
39.2825	3907
39.2965	3980
39.2985	4052
39.3125	4122
39.3145	4191
39.3285	4259
39.3305	4326
39.3445	4392
39.3465	4457
39.3605	4521
39.3625	4584
39.3765	4646
39.3785	4707
39.3925	4768
39.3945	4828
39.4085	4887
39.4105	4945
39.4245	5003
39.4265	5060
39.4405	5116
39.4425	5172
39.4565	5227
39.4585	5281
39.4725	5335
39.4745	5388
39.4885	5441
39.4905	5493
39.5045	5545
39.5065	5596
39.5205	5647
39.5225	5697
39.5365	5747
39.5385	5796
39.5525	5845
39.5545	5894
39.5685	5942
39.5705	5990
39.5845	6037
39.5865	6084
39.6005	6131
39.6025	6177
39.6165	6223
39.6185	6269
39.6325	6314
39.6345	6359
39.6485	6404
39.6505	6448
39.6645	6492
39.6665	6536
39.6805	6579
39.6825	6622
39.6965	6665
39.6985	6708
39.7125	6750
39.7145	6792
39.7285	6834
39.7305	6876
39.7445	6917
39.7465	6958
39.7605	6999
39.7625	7040
39.7765	7080
39.7785	7120
39.7925	7160
39.7945	7200
39.8085	7239
39.8105	7278
39.8245	7317
39.8265	7356
39.8405	7395
39.8425	7433
39.8565	7471
39.8585	7509
39.8725	7547
39.8745	7585
39.8885	7622
39.8905	7659
39.9045	7696
39.9065	7733
39.9205	7770
39.9225	7806
39.9365	7842
39.9385	7878
39.9525	7914
39.9545	7950
39.9685	7986
39.9705	8021
39.9845	8056
39.9865	8091
0 hi 
