Waf: Entering directory `/home/gman/Downloads/ns-allinone-3.29/ns-3.29/build'
[2259/2314] Compiling scratch/part3.cc
[2279/2314] Linking build/scratch/part3
Waf: Leaving directory `/home/gman/Downloads/ns-allinone-3.29/ns-3.29/build'
Build commands will be stored in build/compile_commands.json
'build' finished successfully (7.427s)
0.0061856	536
0.0133024	1072
0.0212768	1608
0.0292512	2144
0.0362816	2680
0.0381696	3216
0.044256	3752
0.046144	4288
0.048032	4824
0.0522304	5360
0.0541184	4288
0.0656384	4355
RxDrop at 0.069832
0.0799872	3752
0.097632	3828
0.105632	3903
0.113632	3976
0.121632	4048
0.129632	4118
0.137632	4187
0.145632	4255
0.153632	4322
0.161632	4388
0.169632	4453
0.177632	4517
0.185632	4580
0.193632	4642
RxDrop at 0.195944
0.201645	3752
RxDrop at 0.208434
0.233632	3828
0.241632	3903
0.249632	3976
0.257632	4048
0.265632	4118
0.273632	4187
0.281632	4255
0.289632	4322
0.297632	4388
0.305632	4453
0.313632	4517
0.321632	4580
0.329632	4642
0.337632	4703
0.345632	4764
0.353632	4824
0.361632	4883
0.369632	4941
0.377632	4999
0.385632	5056
0.393632	5112
0.401632	5168
0.409632	5223
0.417632	5278
0.425632	5332
0.433632	5385
0.441632	5438
0.449632	5490
0.457632	5542
0.465632	5593
0.473632	5644
0.481632	5694
0.489632	5744
0.497632	5794
0.505632	5843
0.513632	5892
0.521632	5940
0.529632	5988
0.537632	6035
0.545632	6082
0.553632	6129
0.561632	6175
0.569632	6221
0.577632	6267
0.585632	6312
0.593632	6357
0.601632	6402
0.609632	6446
0.617632	6490
0.625632	6534
0.633632	6577
0.641632	6620
0.649632	6663
0.657632	6706
0.665632	6748
0.673632	6790
0.681632	6832
0.689632	6874
0.697632	6915
0.705632	6956
0.713632	6997
0.721632	7038
RxDrop at 0.725832
RxDrop at 0.732888
0.736944	3752
RxDrop at 0.755944
0.761645	3216
0.783974	3305
0.785632	3391
0.793632	3475
0.801632	3557
0.809632	3637
0.817632	3715
0.825632	3792
0.833632	3867
0.841632	3941
0.849632	4013
0.857632	4084
0.865632	4154
0.873632	4223
0.881632	4291
0.889632	4357
0.897632	4422
0.905632	4486
0.913632	4550
0.921632	4613
0.929632	4675
0.937632	4736
0.945632	4796
0.953632	4855
0.961632	4914
0.969632	4972
0.977632	5029
0.985632	5086
0.993632	5142
1.00163	5197
1.00963	5252
1.01763	5306
1.02563	5360
1.03363	5413
1.04163	5466
1.04963	5518
1.05763	5570
1.06563	5621
1.07363	5672
1.08163	5722
1.08963	5772
1.09763	5821
1.10563	5870
1.11363	5918
1.12163	5966
1.12963	6014
1.13763	6061
1.14563	6108
1.15363	6155
1.16163	6201
1.16963	6247
1.17763	6292
1.18563	6337
1.19363	6382
1.20163	6427
1.20963	6471
1.21763	6515
1.22563	6559
1.23363	6602
1.24163	6645
1.24963	6688
1.25763	6730
1.26563	6772
1.27363	6814
1.28163	6856
1.28963	6897
1.29763	6938
1.30563	6979
1.31363	7020
1.32163	7060
1.32963	7100
1.33763	7140
1.34563	7180
1.35363	7220
1.36163	7259
1.36963	7298
1.37763	7337
1.38563	7376
1.39363	7414
1.40163	7452
1.40963	7490
1.41763	7528
1.42563	7566
1.43363	7603
1.44163	7640
1.44963	7677
1.45763	7714
1.46563	7751
1.47363	7788
1.48163	7824
1.48963	7860
1.49763	7896
1.50563	7932
1.51363	7968
1.52163	8004
1.52963	8039
1.53763	8074
1.54563	8109
1.55363	8144
1.56163	8179
1.56963	8214
1.57763	8248
1.58563	8282
1.59363	8316
1.60163	8350
1.60963	8384
1.61763	8418
1.62563	8452
1.63363	8485
1.64163	8518
1.64963	8551
1.65763	8584
1.66563	8617
1.67363	8650
1.68163	8683
1.68963	8716
1.69763	8748
1.70563	8780
1.71363	8812
1.72163	8844
1.72963	8876
1.73763	8908
1.74563	8940
1.75363	8972
1.76163	9004
1.76963	9035
1.77763	9066
1.78563	9097
1.79363	9128
1.80163	9159
1.80963	9190
1.81763	9221
1.82563	9252
1.83363	9283
1.84163	9313
1.84963	9343
1.85763	9373
1.86563	9403
1.87363	9433
1.88163	9463
1.88963	9493
1.89763	9523
1.90563	9553
1.91363	9583
1.92163	9612
1.92963	9641
1.93763	9670
1.94563	9699
1.95363	9728
1.96163	9757
1.96963	9786
1.97763	9815
1.98563	9844
1.99363	9873
2.00163	9902
2.00963	9931
2.01763	9959
2.02563	9987
2.03363	10015
2.04163	10043
2.04963	10071
2.05763	10099
2.06563	10127
2.07363	10155
2.08163	10183
2.08963	10211
2.09763	10239
2.10563	10267
2.11363	10294
2.12163	10321
2.12963	10348
2.13763	10375
2.14563	10402
2.15363	10429
2.16163	10456
2.16963	10483
2.17763	10510
2.18563	10537
2.19363	10564
2.20163	10591
2.20963	10618
2.21763	10645
2.22563	10671
2.23363	10697
2.24163	10723
2.24963	10749
2.25763	10775
2.26563	10801
2.27363	10827
2.28163	10853
RxDrop at 2.28583
2.29599	3216
2.31431	3305
2.32163	3391
2.32963	3475
2.33763	3557
2.34563	3637
2.35363	3715
2.36163	3792
2.36963	3867
2.37763	3941
2.38563	4013
2.39363	4084
2.40163	4154
2.40963	4223
2.41763	4291
2.42563	4357
2.43363	4422
2.44163	4486
2.44963	4550
2.45763	4613
2.46563	4675
2.47363	4736
2.48163	4796
2.48963	4855
2.49763	4914
2.50563	4972
2.51363	5029
2.52163	5086
2.52963	5142
2.53763	5197
2.54563	5252
2.55363	5306
2.56163	5360
2.56963	5413
2.57763	5466
2.58563	5518
2.59363	5570
RxDrop at 2.59594
2.60164	3216
2.62397	3305
2.62563	3391
2.63363	3475
2.64163	3557
2.64963	3637
2.65763	3715
2.66563	3792
2.67363	3867
2.68163	3941
2.68963	4013
2.69763	4084
2.70563	4154
2.71363	4223
2.72163	4291
2.72963	4357
2.73763	4422
2.74563	4486
2.75363	4550
2.76163	4613
2.76963	4675
2.77763	4736
2.78563	4796
2.79363	4855
2.80163	4914
2.80963	4972
2.81763	5029
2.82563	5086
2.83363	5142
2.84163	5197
2.84963	5252
2.85763	5306
2.86563	5360
2.87363	5413
2.88163	5466
2.88963	5518
2.89763	5570
2.90563	5621
2.91363	5672
2.92163	5722
2.92963	5772
2.93763	5821
2.94563	5870
2.95363	5918
2.96163	5966
2.96963	6014
2.97763	6061
2.98563	6108
2.99363	6155
3.00163	6201
3.00963	6247
3.01763	6292
3.02563	6337
RxDrop at 3.02794
3.03364	3216
RxDrop at 3.03949
RxDrop at 3.67172
4.02563	536
4.23969	1072
4.24767	1608
4.25564	2144
4.26267	2680
4.26267	2787
4.26456	2890
4.27253	2989
4.27956	3085
4.2866	3178
4.29363	3268
4.30066	3355
4.30674	3440
4.31052	3523
4.3166	3604
4.32269	3683
4.32647	3761
4.33255	3837
4.56163	3911
4.56963	3984
4.57763	4056
RxDrop at 4.58183
4.59199	2877
4.60959	2976
4.61662	3072
4.62397	3165
4.62563	3255
4.63363	3343
4.64163	3428
4.64963	3511
4.65763	3592
4.66563	3671
4.67363	3749
4.68163	3825
4.68963	3900
4.69763	3973
4.70563	4045
4.71363	4116
4.72163	4185
4.72963	4253
4.73763	4320
4.74563	4386
4.75363	4451
4.76163	4515
4.76963	4578
4.77763	4640
4.78563	4701
4.79363	4762
4.80163	4822
4.80963	4881
4.81763	4939
4.82563	4997
4.83363	5054
4.84163	5110
4.84963	5166
4.85763	5221
4.86563	5276
4.87363	5330
4.88163	5383
4.88963	5436
4.89763	5488
4.90563	5540
4.91363	5591
4.92163	5642
4.92963	5692
4.93763	5742
4.94563	5792
4.95363	5841
4.96163	5890
4.96963	5938
4.97763	5986
4.98563	6033
4.99363	6080
5.00163	6127
5.00963	6173
5.01763	6219
5.02563	6265
5.03363	6310
5.04163	6355
5.04963	6400
5.05763	6444
5.06563	6488
5.07363	6532
5.08163	6575
5.08963	6618
5.09763	6661
5.10563	6704
5.11363	6746
5.12163	6788
5.12963	6830
5.13763	6872
5.14563	6913
5.15363	6954
5.16163	6995
5.16963	7036
5.17763	7076
5.18563	7116
5.19363	7156
5.20163	7196
5.20963	7235
5.21763	7274
5.22563	7313
5.23363	7352
5.24163	7391
5.24963	7429
5.25763	7467
5.26563	7505
5.27363	7543
5.28163	7581
5.28963	7618
5.29763	7655
5.30563	7692
5.31363	7729
5.32163	7766
5.32963	7802
5.33763	7838
5.34563	7874
5.35363	7910
5.36163	7946
5.36963	7982
5.37763	8017
5.38563	8052
5.39363	8087
5.40163	8122
5.40963	8157
RxDrop at 5.41194
5.41764	2877
5.43997	2976
5.44163	3072
5.44963	3165
5.45763	3255
5.46563	3343
5.47363	3428
5.48163	3511
5.48963	3592
5.49763	3671
5.50563	3749
5.51363	3825
5.52163	3900
5.52963	3973
5.53763	4045
5.54563	4116
5.55363	4185
5.56163	4253
5.56963	4320
5.57763	4386
5.58563	4451
5.59363	4515
RxDrop at 5.59783
5.60799	2877
5.62559	2976
5.63262	3072
5.63997	3165
5.64163	3255
5.64963	3343
5.65763	3428
RxDrop at 5.65994
5.66564	2877
5.68797	2976
5.68963	3072
5.69763	3165
5.70563	3255
5.71363	3343
5.72163	3428
5.72963	3511
RxDrop at 5.73289
5.73693	3592
5.74304	2877
5.76088	2976
5.76797	3072
5.76963	3165
5.77763	3255
5.78563	3343
5.79363	3428
5.80163	3511
5.80963	3592
5.81763	3671
5.82563	3749
5.83363	3825
5.84163	3900
5.84963	3973
5.85763	4045
5.86563	4116
5.87363	4185
5.88163	4253
5.88963	4320
5.89763	4386
5.90563	4451
5.91363	4515
5.92163	4578
5.92963	4640
5.93763	4701
5.94563	4762
5.95363	4822
5.96163	4881
5.96963	4939
5.97763	4997
5.98563	5054
5.99363	5110
6.00163	5166
6.00963	5221
6.01763	5276
6.02563	5330
6.03363	5383
6.04163	5436
6.04963	5488
6.05763	5540
6.06563	5591
6.07363	5642
6.08163	5692
6.08963	5742
6.09763	5792
6.10563	5841
6.11363	5890
6.12163	5938
6.12963	5986
6.13763	6033
6.14563	6080
6.15363	6127
6.16163	6173
6.16963	6219
6.17763	6265
6.18563	6310
6.19363	6355
6.20163	6400
6.20963	6444
6.21763	6488
6.22563	6532
6.23363	6575
6.24163	6618
6.24963	6661
6.25763	6704
6.26563	6746
6.27363	6788
6.28163	6830
6.28963	6872
6.29763	6913
6.30563	6954
6.31363	6995
6.32163	7036
6.32963	7076
6.33763	7116
RxDrop at 6.34255
6.35104	7156
6.35293	2877
6.37665	2976
6.38397	3072
6.38563	3165
RxDrop at 6.38794
6.39364	2629
6.41664	2738
6.42397	2842
6.42563	2943
6.43363	3040
6.44163	3134
RxDrop at 6.44583
RxDrop at 6.45289
6.45694	2598
6.48415	2708
6.49118	2814
6.49821	2916
6.50524	3014
6.51227	3109
6.51997	3201
6.52163	3290
6.52963	3377
6.53763	3462
6.54563	3544
6.55363	3625
6.56163	3704
6.56963	3781
6.57763	3856
6.58563	3930
6.59363	4003
6.60163	4074
6.60963	4144
6.61763	4213
6.62563	4281
6.63363	4348
6.64163	4414
6.64963	4479
6.65763	4543
6.66563	4606
6.67363	4668
6.68163	4729
6.68963	4789
6.69763	4848
6.70563	4907
6.71363	4965
6.72163	5022
6.72963	5079
6.73763	5135
6.74563	5190
6.75363	5245
6.76163	5299
6.76963	5353
6.77763	5406
6.78563	5459
RxDrop at 6.78889
6.79293	5511
6.79904	2598
RxDrop at 6.80393
6.8131	2708
6.82013	2814
6.82716	2916
6.8342	3014
6.84123	3109
6.84826	3201
6.85597	3290
6.85763	3377
6.86563	3462
RxDrop at 6.86889
6.87293	3544
6.87904	2598
6.90013	2708
6.90716	2814
6.9142	2916
6.92123	3014
6.92826	3109
6.93597	3201
6.93763	3290
6.94563	3377
6.95363	3462
6.96163	3544
6.96963	3625
6.97763	3704
6.98563	3781
6.99363	3856
7.00163	3930
7.00963	4003
7.01763	4074
7.02563	4144
7.03363	4213
7.04163	4281
7.04963	4348
7.05763	4414
7.06563	4479
7.07363	4543
7.08163	4606
7.08963	4668
7.09763	4729
7.10563	4789
7.11363	4848
7.12163	4907
7.12963	4965
7.13763	5022
7.14563	5079
7.15363	5135
7.16163	5190
7.16963	5245
7.17763	5299
7.18563	5353
7.19363	5406
7.20163	5459
7.20963	5511
7.21763	5563
7.22563	5614
7.23363	5665
7.24163	5715
7.24963	5765
7.25763	5814
7.26563	5863
7.27363	5912
7.28163	5960
7.28963	6008
7.29763	6055
7.30563	6102
7.31363	6149
7.32163	6195
7.32963	6241
7.33763	6287
7.34563	6332
7.35363	6377
7.36163	6422
7.36963	6466
7.37763	6510
7.38563	6554
7.39363	6597
7.40163	6640
7.40963	6683
7.41763	6725
7.42563	6767
7.43363	6809
7.44163	6851
7.44963	6892
7.45763	6933
7.46563	6974
7.47363	7015
7.48163	7055
7.48963	7095
7.49763	7135
7.50563	7175
7.51363	7215
7.52163	7254
7.52963	7293
7.53763	7332
7.54563	7371
7.55363	7409
7.56163	7447
7.56963	7485
RxDrop at 7.57194
7.57764	2598
7.59361	2680
7.60064	2787
7.60797	2890
7.60963	2989
7.61763	3085
7.62563	3178
7.63363	3268
7.64163	3355
7.64963	3440
7.65763	3523
7.66563	3604
7.67363	3683
7.68163	3761
7.68963	3837
7.69763	3911
7.70563	3984
7.71363	4056
7.72163	4126
7.72963	4195
7.73763	4263
7.74563	4330
7.75363	4396
7.76163	4461
7.76963	4525
7.77763	4588
7.78563	4650
7.79363	4711
7.80163	4771
7.80963	4831
7.81763	4890
7.82563	4948
7.83363	5006
7.84163	5063
7.84963	5119
7.85763	5175
7.86563	5230
7.87363	5284
7.88163	5338
7.88963	5391
7.89763	5444
7.90563	5496
7.91363	5548
7.92163	5599
7.92963	5650
7.93763	5700
7.94563	5750
7.95363	5799
7.96163	5848
7.96963	5897
7.97763	5945
7.98563	5993
7.99363	6040
RxDrop at 7.99689
8.00093	6087
8.00704	2598
8.0211	2680
8.02813	2787
8.03516	2890
8.0422	2989
8.04923	3085
8.05626	3178
8.06397	3268
8.06563	3355
8.07363	3440
8.08163	3523
8.08963	3604
8.09763	3683
8.10563	3761
8.11363	3837
8.12163	3911
8.12963	3984
8.13763	4056
8.14563	4126
8.15363	4195
8.16163	4263
8.16963	4330
8.17763	4396
8.18563	4461
8.19363	4525
RxDrop at 8.19594
8.20164	2598
8.21761	2680
8.22464	2787
8.23197	2890
8.23363	2989
8.24163	3085
8.24963	3178
8.25763	3268
8.26563	3355
8.27363	3440
8.28163	3523
8.28963	3604
8.29763	3683
8.30563	3761
8.31363	3837
8.32163	3911
8.32963	3984
8.33763	4056
8.34563	4126
8.35363	4195
8.36163	4263
8.36963	4330
8.37763	4396
8.38563	4461
8.39363	4525
8.40163	4588
8.40963	4650
8.41763	4711
8.42563	4771
8.43363	4831
8.44163	4890
8.44963	4948
8.45763	5006
8.46563	5063
8.47363	5119
8.48163	5175
8.48963	5230
8.49763	5284
8.50563	5338
8.51363	5391
8.52163	5444
8.52963	5496
8.53763	5548
RxDrop at 8.54089
8.54493	5599
8.55104	2598
8.5651	2680
8.57213	2787
8.57916	2890
8.5862	2989
8.59323	3085
RxDrop at 8.59594
8.60193	2549
RxDrop at 8.60655
8.62725	2661
8.63428	2768
8.64163	2871
8.64963	2971
8.65763	3067
8.66563	3160
8.67363	3250
8.68163	3338
8.68963	3424
8.69763	3507
8.70563	3588
8.71363	3668
8.72163	3746
8.72963	3822
8.73763	3897
8.74563	3970
8.75363	4042
8.76163	4113
8.76963	4182
8.77763	4250
8.78563	4317
8.79363	4383
8.80163	4448
8.80963	4512
8.81763	4575
8.82563	4637
8.83363	4698
8.84163	4759
8.84963	4819
8.85763	4878
8.86563	4936
8.87363	4994
8.88163	5051
8.88963	5107
8.89763	5163
8.90563	5218
8.91363	5273
8.92163	5327
8.92963	5380
8.93763	5433
8.94563	5485
8.95363	5537
8.96163	5588
8.96963	5639
8.97763	5689
8.98563	5739
8.99363	5789
9.00163	5838
9.00963	5887
9.01763	5935
9.02563	5983
9.03363	6031
9.04163	6078
9.04963	6125
9.05763	6171
9.06563	6217
9.07363	6263
9.08163	6308
9.08963	6353
9.09763	6398
9.10563	6442
9.11363	6486
9.12163	6530
RxDrop at 9.12655
9.13504	6573
9.13693	2549
9.15997	2661
9.16163	2768
9.16963	2871
9.17763	2971
9.18563	3067
9.19363	3160
9.20163	3250
9.20963	3338
9.21763	3424
9.22563	3507
9.23363	3588
9.24163	3668
9.24963	3746
9.25763	3822
9.26563	3897
9.27363	3970
9.28163	4042
9.28963	4113
9.29763	4182
9.30563	4250
9.31363	4317
9.32163	4383
9.32963	4448
9.33763	4512
9.34563	4575
9.35363	4637
9.36163	4698
9.36963	4759
9.37763	4819
9.38563	4878
9.39363	4936
9.40163	4994
9.40963	5051
9.41763	5107
9.42563	5163
9.43363	5218
9.44163	5273
9.44963	5327
9.45763	5380
9.46563	5433
9.47363	5485
9.48163	5537
9.48963	5588
9.49763	5639
9.50563	5689
9.51363	5739
9.52163	5789
9.52963	5838
9.53763	5887
9.54563	5935
9.55363	5983
9.56163	6031
9.56963	6078
9.57763	6125
9.58563	6171
9.59363	6217
9.60163	6263
9.60963	6308
9.61763	6353
9.62563	6398
9.63363	6442
9.64163	6486
9.64963	6530
9.65763	6573
9.66563	6616
9.67363	6659
9.68163	6702
9.68963	6744
9.69763	6786
9.70563	6828
9.71363	6870
9.72163	6911
9.72963	6952
9.73763	6993
9.74563	7034
9.75363	7074
9.76163	7114
9.76963	7154
9.77763	7194
9.78563	7233
9.79363	7272
9.80163	7311
9.80963	7350
9.81763	7389
9.82563	7427
9.83363	7465
9.84163	7503
9.84963	7541
9.85763	7579
9.86563	7616
9.87363	7653
9.88163	7690
RxDrop at 9.88655
9.89504	7727
9.89693	2549
9.91997	2661
9.92163	2768
9.92963	2871
9.93763	2971
9.94563	3067
9.95363	3160
9.96163	3250
9.96963	3338
9.97763	3424
9.98563	3507
9.99363	3588
10.0016	3668
10.0096	3746
10.0176	3822
10.0256	3897
10.0336	3970
10.0416	4042
10.0496	4113
10.0576	4182
10.0656	4250
10.0736	4317
10.0816	4383
10.0896	4448
10.0976	4512
10.1056	4575
10.1136	4637
10.1216	4698
10.1296	4759
10.1376	4819
10.1456	4878
10.1536	4936
10.1616	4994
10.1696	5051
10.1776	5107
10.1856	5163
10.1936	5218
10.2016	5273
10.2096	5327
10.2176	5380
10.2256	5433
10.2336	5485
10.2416	5537
10.2496	5588
10.2576	5639
10.2656	5689
10.2736	5739
10.2816	5789
10.2896	5838
10.2976	5887
10.3056	5935
10.3136	5983
10.3216	6031
10.3296	6078
10.3376	6125
10.3456	6171
10.3536	6217
10.3616	6263
10.3696	6308
10.3776	6353
10.3856	6398
10.3936	6442
10.4016	6486
10.4096	6530
10.4176	6573
10.4256	6616
10.4336	6659
10.4416	6702
10.4496	6744
10.4576	6786
10.4656	6828
10.4736	6870
10.4816	6911
10.4896	6952
10.4976	6993
10.5056	7034
10.5136	7074
10.5216	7114
10.5296	7154
10.5376	7194
10.5456	7233
10.5536	7272
10.5616	7311
10.5696	7350
10.5776	7389
10.5856	7427
10.5936	7465
10.6016	7503
10.6096	7541
10.6176	7579
10.6256	7616
10.6336	7653
10.6416	7690
10.6496	7727
10.6576	7764
10.6656	7801
10.6736	7837
10.6816	7873
10.6896	7909
10.6976	7945
10.7056	7981
10.7136	8016
10.7216	8051
10.7296	8086
10.7376	8121
10.7456	8156
10.7536	8191
10.7616	8226
10.7696	8260
10.7776	8294
10.7856	8328
10.7936	8362
10.8016	8396
10.8096	8430
10.8176	8464
10.8256	8497
10.8336	8530
10.8416	8563
10.8496	8596
10.8576	8629
10.8656	8662
10.8736	8695
10.8816	8728
10.8896	8760
10.8976	8792
10.9056	8824
10.9136	8856
10.9216	8888
10.9296	8920
10.9376	8952
10.9456	8984
10.9536	9015
10.9616	9046
10.9696	9077
10.9776	9108
10.9856	9139
10.9936	9170
11.0016	9201
11.0096	9232
11.0176	9263
11.0256	9294
11.0336	9324
RxDrop at 11.0359
11.0416	2549
11.0576	2680
11.0646	2787
11.072	2890
11.0736	2989
11.0816	3085
11.0896	3178
11.0976	3268
11.1056	3355
11.1136	3440
11.1216	3523
11.1296	3604
11.1376	3683
11.1456	3761
11.1536	3837
11.1616	3911
RxDrop at 11.1639
11.1696	2549
11.1856	2680
11.1926	2787
11.2	2890
11.2016	2989
11.2096	3085
11.2176	3178
11.2256	3268
11.2336	3355
11.2416	3440
11.2496	3523
11.2576	3604
11.2656	3683
11.2736	3761
11.2816	3837
11.2896	3911
11.2976	3984
11.3056	4056
11.3136	4126
11.3216	4195
11.3296	4263
11.3376	4330
11.3456	4396
11.3536	4461
11.3616	4525
11.3696	4588
11.3776	4650
11.3856	4711
11.3936	4771
11.4016	4831
11.4096	4890
11.4176	4948
11.4256	5006
11.4336	5063
11.4416	5119
11.4496	5175
11.4576	5230
11.4656	5284
11.4736	5338
11.4816	5391
11.4896	5444
11.4976	5496
11.5056	5548
11.5136	5599
11.5216	5650
11.5296	5700
11.5376	5750
11.5456	5799
11.5536	5848
11.5616	5897
11.5696	5945
11.5776	5993
11.5856	6040
11.5936	6087
11.6016	6134
11.6096	6180
11.6176	6226
11.6256	6272
11.6336	6317
11.6416	6362
11.6496	6407
11.6576	6451
11.6656	6495
11.6736	6539
11.6816	6582
11.6896	6625
11.6976	6668
11.7056	6711
11.7136	6753
11.7216	6795
11.7296	6837
11.7376	6879
11.7456	6920
11.7536	6961
11.7616	7002
11.7696	7043
11.7776	7083
11.7856	7123
11.7936	7163
11.8016	7203
11.8096	7242
11.8176	7281
11.8256	7320
11.8336	7359
11.8416	7398
11.8496	7436
11.8576	7474
11.8656	7512
11.8736	7550
11.8816	7588
11.8896	7625
11.8976	7662
11.9056	7699
11.9136	7736
11.9216	7773
11.9296	7809
11.9376	7845
11.9456	7881
11.9536	7917
11.9616	7953
11.9696	7989
11.9776	8024
11.9856	8059
11.9936	8094
12.0016	8129
12.0096	8164
12.0176	8199
12.0256	8234
12.0336	8268
12.0416	8302
12.0496	8336
12.0576	8370
12.0656	8404
12.0736	8438
12.0816	8472
12.0896	8505
12.0976	8538
12.1056	8571
12.1136	8604
12.1216	8637
12.1296	8670
12.1376	8703
12.1456	8736
12.1536	8768
12.1616	8800
12.1696	8832
12.1776	8864
12.1856	8896
12.1936	8928
12.2016	8960
12.2096	8992
12.2176	9023
12.2256	9054
12.2336	9085
12.2416	9116
12.2496	9147
12.2576	9178
12.2656	9209
12.2736	9240
12.2816	9271
12.2896	9301
12.2976	9331
12.3056	9361
12.3136	9391
12.3216	9421
12.3296	9451
12.3376	9481
12.3456	9511
12.3536	9541
12.3616	9571
12.3696	9601
12.3776	9630
12.3856	9659
12.3936	9688
12.4016	9717
12.4096	9746
12.4176	9775
12.4256	9804
12.4336	9833
12.4416	9862
12.4496	9891
12.4576	9920
12.4656	9948
12.4736	9976
12.4816	10004
12.4896	10032
12.4976	10060
12.5056	10088
12.5136	10116
12.5216	10144
12.5296	10172
12.5376	10200
12.5456	10228
12.5536	10256
12.5616	10284
12.5696	10311
12.5776	10338
12.5856	10365
12.5936	10392
12.6016	10419
12.6096	10446
12.6176	10473
12.6256	10500
12.6336	10527
12.6416	10554
12.6496	10581
12.6576	10608
12.6656	10635
12.6736	10662
12.6816	10688
12.6896	10714
12.6976	10740
12.7056	10766
12.7136	10792
12.7216	10818
12.7296	10844
12.7376	10870
12.7456	10896
12.7536	10922
12.7616	10948
12.7696	10974
12.7776	11000
12.7856	11026
12.7936	11052
12.8016	11077
12.8096	11102
12.8176	11127
12.8256	11152
12.8336	11177
12.8416	11202
12.8496	11227
12.8576	11252
RxDrop at 12.8599
12.8656	2549
12.8816	2680
12.8886	2787
12.896	2890
12.8976	2989
12.9056	3085
12.9136	3178
12.9216	3268
12.9296	3355
12.9376	3440
12.9456	3523
12.9536	3604
12.9616	3683
12.9696	3761
12.9776	3837
12.9856	3911
12.9936	3984
13.0016	4056
13.0096	4126
13.0176	4195
13.0256	4263
13.0336	4330
13.0416	4396
13.0496	4461
13.0576	4525
13.0656	4588
13.0736	4650
13.0816	4711
13.0896	4771
13.0976	4831
13.1056	4890
13.1136	4948
13.1216	5006
13.1296	5063
13.1376	5119
13.1456	5175
13.1536	5230
13.1616	5284
13.1696	5338
13.1776	5391
13.1856	5444
13.1936	5496
13.2016	5548
13.2096	5599
13.2176	5650
13.2256	5700
13.2336	5750
13.2416	5799
13.2496	5848
13.2576	5897
13.2656	5945
13.2736	5993
RxDrop at 13.2778
13.288	2549
13.2986	2680
13.3056	2787
13.3126	2890
13.32	2989
13.3232	3085
13.3296	3178
13.3376	3268
13.3456	3355
13.3536	3440
13.3616	3523
13.3696	3604
13.3776	3683
13.3856	3761
13.3936	3837
13.4016	3911
13.4096	3984
13.4176	4056
13.4256	4126
13.4336	4195
13.4416	4263
13.4496	4330
13.4576	4396
13.4656	4461
13.4736	4525
13.4816	4588
13.4896	4650
13.4976	4711
13.5056	4771
13.5136	4831
13.5216	4890
13.5296	4948
13.5376	5006
13.5456	5063
13.5536	5119
13.5616	5175
13.5696	5230
13.5776	5284
13.5856	5338
13.5936	5391
13.6016	5444
13.6096	5496
13.6176	5548
13.6256	5599
13.6336	5650
13.6416	5700
13.6496	5750
13.6576	5799
13.6656	5848
13.6736	5897
13.6816	5945
13.6896	5993
13.6976	6040
13.7056	6087
13.7136	6134
13.7216	6180
13.7296	6226
13.7376	6272
13.7456	6317
13.7536	6362
13.7616	6407
13.7696	6451
13.7776	6495
13.7856	6539
13.7936	6582
13.8016	6625
13.8096	6668
13.8176	6711
13.8256	6753
13.8336	6795
RxDrop at 13.8378
13.848	2549
13.8586	2680
13.8656	2787
13.8726	2890
13.88	2989
13.8832	3085
13.8896	3178
13.8976	3268
13.9056	3355
13.9136	3440
13.9216	3523
13.9296	3604
13.9376	3683
13.9456	3761
13.9536	3837
13.9616	3911
13.9696	3984
13.9776	4056
13.9856	4126
13.9936	4195
14.0016	4263
14.0096	4330
14.0176	4396
14.0256	4461
14.0336	4525
14.0416	4588
14.0496	4650
14.0576	4711
14.0656	4771
14.0736	4831
14.0816	4890
14.0896	4948
14.0976	5006
14.1056	5063
14.1136	5119
14.1216	5175
14.1296	5230
14.1376	5284
14.1456	5338
14.1536	5391
14.1616	5444
14.1696	5496
14.1776	5548
14.1856	5599
14.1936	5650
14.2016	5700
14.2096	5750
14.2176	5799
14.2256	5848
14.2336	5897
14.2416	5945
14.2496	5993
14.2576	6040
14.2656	6087
14.2736	6134
14.2816	6180
14.2896	6226
14.2976	6272
14.3056	6317
14.3136	6362
14.3216	6407
14.3296	6451
14.3376	6495
14.3456	6539
14.3536	6582
14.3616	6625
14.3696	6668
14.3776	6711
14.3856	6753
14.3936	6795
14.4016	6837
14.4096	6879
14.4176	6920
14.4256	6961
14.4336	7002
14.4416	7043
14.4496	7083
14.4576	7123
14.4656	7163
14.4736	7203
14.4816	7242
14.4896	7281
14.4976	7320
14.5056	7359
14.5136	7398
14.5216	7436
RxDrop at 14.5258
14.536	2549
14.5466	2680
14.5536	2787
14.5606	2890
14.568	2989
14.5712	3085
14.5776	3178
14.5856	3268
14.5936	3355
14.6016	3440
14.6096	3523
RxDrop at 14.6119
14.6176	2549
14.6406	2661
14.648	2768
14.6496	2871
14.6576	2971
14.6656	3067
14.6736	3160
14.6816	3250
14.6896	3338
14.6976	3424
14.7056	3507
14.7136	3588
14.7216	3668
14.7296	3746
14.7376	3822
14.7456	3897
14.7536	3970
14.7616	4042
14.7696	4113
14.7776	4182
14.7856	4250
14.7936	4317
14.8016	4383
14.8096	4448
14.8176	4512
14.8256	4575
14.8336	4637
14.8416	4698
14.8496	4759
14.8576	4819
RxDrop at 14.8625
14.871	4878
14.8729	2549
14.896	2661
14.8976	2768
RxDrop at 14.8999
14.9056	2232
14.9209	2360
14.9258	2481
14.9289	2596
14.9336	2706
14.9404	2812
14.9472	2914
14.954	3012
14.9616	3107
14.9696	3199
14.9776	3288
14.9856	3375
14.9936	3460
15.0016	3543
15.0096	3624
15.0176	3703
15.0256	3780
RxDrop at 15.0289
15.0329	3856
15.039	2232
15.0489	2360
15.0538	2481
15.0569	2596
15.0616	2706
15.0684	2812
15.0752	2914
15.082	3012
RxDrop at 15.0865
15.095	3107
15.0969	2232
15.1129	2360
15.1178	2481
15.1209	2596
15.1256	2706
15.1324	2812
15.1392	2914
15.146	3012
15.1536	3107
15.1616	3199
15.1696	3288
15.1776	3375
15.1856	3460
15.1936	3543
15.2016	3624
15.2096	3703
15.2176	3780
15.2256	3856
15.2336	3930
15.2416	4003
15.2496	4074
15.2576	4144
15.2656	4213
15.2736	4281
15.2816	4348
15.2896	4414
15.2976	4479
15.3056	4543
15.3136	4606
15.3216	4668
15.3296	4729
15.3376	4789
15.3456	4848
15.3536	4907
15.3616	4965
15.3696	5022
15.3776	5079
15.3856	5135
15.3936	5190
15.4016	5245
15.4096	5299
15.4176	5353
15.4256	5406
15.4336	5459
15.4416	5511
15.4496	5563
15.4576	5614
15.4656	5665
15.4736	5715
15.4816	5765
15.4896	5814
15.4976	5863
15.5056	5912
15.5136	5960
15.5216	6008
15.5296	6055
15.5376	6102
15.5456	6149
15.5536	6195
15.5616	6241
15.5696	6287
15.5776	6332
15.5856	6377
15.5936	6422
15.6016	6466
15.6096	6510
15.6176	6554
15.6256	6597
15.6336	6640
15.6416	6683
15.6496	6725
15.6576	6767
15.6656	6809
15.6736	6851
15.6816	6892
15.6896	6933
15.6976	6974
15.7056	7015
15.7136	7055
15.7216	7095
15.7296	7135
15.7376	7175
15.7456	7215
15.7536	7254
15.7616	7293
15.7696	7332
15.7776	7371
15.7856	7409
15.7936	7447
15.8016	7485
15.8096	7523
15.8176	7561
15.8256	7598
15.8336	7635
15.8416	7672
15.8496	7709
15.8576	7746
15.8656	7783
15.8736	7819
15.8816	7855
15.8896	7891
15.8976	7927
15.9056	7963
15.9136	7999
15.9216	8034
15.9296	8069
15.9376	8104
15.9456	8139
15.9536	8174
15.9616	8209
15.9696	8243
15.9776	8277
15.9856	8311
15.9936	8345
16.0016	8379
16.0096	8413
16.0176	8447
16.0256	8481
16.0336	8514
16.0416	8547
16.0496	8580
RxDrop at 16.0519
16.0576	2232
16.0729	2360
16.0746	2481
16.0809	2596
16.0825	2706
16.0905	2812
16.0976	2914
16.1056	3012
16.1136	3107
16.1216	3199
16.1296	3288
16.1376	3375
16.1456	3460
16.1536	3543
16.1616	3624
16.1696	3703
16.1776	3780
16.1856	3856
16.1936	3930
16.2016	4003
16.2096	4074
16.2176	4144
16.2256	4213
16.2336	4281
16.2416	4348
16.2496	4414
16.2576	4479
16.2656	4543
16.2736	4606
16.2816	4668
16.2896	4729
16.2976	4789
16.3056	4848
16.3136	4907
16.3216	4965
16.3296	5022
16.3376	5079
16.3456	5135
16.3536	5190
16.3616	5245
16.3696	5299
16.3776	5353
16.3856	5406
16.3936	5459
16.4016	5511
16.4096	5563
16.4176	5614
16.4256	5665
16.4336	5715
16.4416	5765
16.4496	5814
16.4576	5863
16.4656	5912
16.4736	5960
16.4816	6008
16.4896	6055
16.4976	6102
16.5056	6149
16.5136	6195
16.5216	6241
16.5296	6287
16.5376	6332
16.5456	6377
16.5536	6422
16.5616	6466
16.5696	6510
16.5776	6554
16.5856	6597
16.5936	6640
16.6016	6683
16.6096	6725
16.6176	6767
16.6256	6809
16.6336	6851
16.6416	6892
16.6496	6933
16.6576	6974
16.6656	7015
16.6736	7055
16.6816	7095
16.6896	7135
16.6976	7175
16.7056	7215
16.7136	7254
16.7216	7293
16.7296	7332
16.7376	7371
16.7456	7409
16.7536	7447
16.7616	7485
RxDrop at 16.7658
16.776	2232
16.7858	2360
16.7908	2481
16.7938	2596
16.7985	2706
16.8053	2812
16.8121	2914
16.8189	3012
16.8257	3107
16.8336	3199
16.8416	3288
16.8496	3375
16.8576	3460
16.8656	3543
16.8736	3624
16.8816	3703
16.8896	3780
16.8976	3856
16.9056	3930
16.9136	4003
16.9216	4074
RxDrop at 16.9249
16.9289	4144
16.935	2232
16.9449	2360
16.9498	2481
16.9529	2596
16.9576	2706
16.9644	2812
16.9712	2914
16.978	3012
16.9856	3107
16.9936	3199
17.0016	3288
17.0096	3375
17.0176	3460
17.0256	3543
RxDrop at 17.0279
17.0336	2232
17.0489	2360
17.0506	2481
17.0569	2596
17.0585	2706
17.0665	2812
17.0736	2914
17.0816	3012
17.0896	3107
17.0976	3199
17.1056	3288
17.1136	3375
17.1216	3460
17.1296	3543
17.1376	3624
17.1456	3703
17.1536	3780
17.1616	3856
17.1696	3930
17.1776	4003
17.1856	4074
17.1936	4144
17.2016	4213
RxDrop at 17.2049
17.2089	4281
17.215	2232
17.2249	2360
17.2298	2481
17.2329	2596
17.2376	2706
17.2444	2812
17.2512	2914
17.258	3012
17.2656	3107
17.2736	3199
17.2816	3288
17.2896	3375
17.2976	3460
17.3056	3543
17.3136	3624
17.3216	3703
17.3296	3780
17.3376	3856
17.3456	3930
17.3536	4003
17.3616	4074
17.3696	4144
17.3776	4213
17.3856	4281
17.3936	4348
17.4016	4414
17.4096	4479
17.4176	4543
17.4256	4606
17.4336	4668
17.4416	4729
17.4496	4789
17.4576	4848
17.4656	4907
17.4736	4965
17.4816	5022
17.4896	5079
17.4976	5135
17.5056	5190
17.5136	5245
17.5216	5299
17.5296	5353
17.5376	5406
17.5456	5459
17.5536	5511
17.5616	5563
17.5696	5614
17.5776	5665
17.5856	5715
17.5936	5765
17.6016	5814
17.6096	5863
17.6176	5912
17.6256	5960
17.6336	6008
17.6416	6055
17.6496	6102
17.6576	6149
17.6656	6195
17.6736	6241
17.6816	6287
17.6896	6332
17.6976	6377
17.7056	6422
17.7136	6466
17.7216	6510
17.7296	6554
17.7376	6597
17.7456	6640
17.7536	6683
17.7616	6725
17.7696	6767
17.7776	6809
17.7856	6851
17.7936	6892
17.8016	6933
17.8096	6974
17.8176	7015
17.8256	7055
17.8336	7095
17.8416	7135
17.8496	7175
17.8576	7215
17.8656	7254
17.8736	7293
17.8816	7332
17.8896	7371
17.8976	7409
17.9056	7447
17.9136	7485
17.9216	7523
17.9296	7561
17.9376	7598
17.9456	7635
17.9536	7672
17.9616	7709
17.9696	7746
17.9776	7783
17.9856	7819
17.9936	7855
18.0016	7891
18.0096	7927
RxDrop at 18.0129
18.0169	7963
18.023	2232
18.0329	2360
18.0378	2481
18.0409	2596
18.0456	2706
18.0524	2812
18.0592	2914
18.066	3012
18.0736	3107
18.0816	3199
18.0896	3288
18.0976	3375
18.1056	3460
18.1136	3543
18.1216	3624
18.1296	3703
18.1376	3780
18.1456	3856
18.1536	3930
18.1616	4003
18.1696	4074
18.1776	4144
18.1856	4213
18.1936	4281
18.2016	4348
18.2096	4414
18.2176	4479
18.2256	4543
18.2336	4606
18.2416	4668
18.2496	4729
18.2576	4789
18.2656	4848
18.2736	4907
18.2816	4965
18.2896	5022
18.2976	5079
18.3056	5135
18.3136	5190
18.3216	5245
18.3296	5299
18.3376	5353
18.3456	5406
18.3536	5459
18.3616	5511
18.3696	5563
18.3776	5614
18.3856	5665
18.3936	5715
18.4016	5765
18.4096	5814
18.4176	5863
18.4256	5912
RxDrop at 18.4298
18.44	2232
18.4498	2360
18.4548	2481
18.4578	2596
18.4625	2706
18.4693	2812
18.4761	2914
18.4829	3012
18.4897	3107
18.4976	3199
18.5056	3288
18.5136	3375
18.5216	3460
18.5296	3543
18.5376	3624
18.5456	3703
18.5536	3780
18.5616	3856
18.5696	3930
18.5776	4003
18.5856	4074
18.5936	4144
18.6016	4213
18.6096	4281
18.6176	4348
18.6256	4414
18.6336	4479
18.6416	4543
18.6496	4606
18.6576	4668
18.6656	4729
18.6736	4789
18.6816	4848
18.6896	4907
18.6976	4965
18.7056	5022
18.7136	5079
18.7216	5135
18.7296	5190
18.7376	5245
18.7456	5299
18.7536	5353
18.7616	5406
18.7696	5459
18.7776	5511
18.7856	5563
18.7936	5614
18.8016	5665
18.8096	5715
18.8176	5765
18.8256	5814
18.8336	5863
18.8416	5912
18.8496	5960
18.8576	6008
18.8656	6055
18.8736	6102
18.8816	6149
18.8896	6195
18.8976	6241
18.9056	6287
18.9136	6332
18.9216	6377
18.9296	6422
18.9376	6466
18.9456	6510
18.9536	6554
18.9616	6597
18.9696	6640
18.9776	6683
18.9856	6725
18.9936	6767
19.0016	6809
19.0096	6851
19.0176	6892
19.0256	6933
19.0336	6974
19.0416	7015
19.0496	7055
19.0576	7095
19.0656	7135
19.0736	7175
19.0816	7215
19.0896	7254
19.0976	7293
19.1056	7332
19.1136	7371
19.1216	7409
19.1296	7447
19.1376	7485
19.1456	7523
19.1536	7561
19.1616	7598
19.1696	7635
19.1776	7672
19.1856	7709
19.1936	7746
19.2016	7783
19.2096	7819
19.2176	7855
19.2256	7891
19.2336	7927
19.2416	7963
RxDrop at 19.2458
19.256	2232
19.2658	2360
19.2708	2481
19.2738	2596
19.2785	2706
19.2853	2812
19.2921	2914
19.2989	3012
19.3057	3107
19.3136	3199
19.3216	3288
19.3296	3375
19.3376	3460
RxDrop at 19.3409
19.3449	3543
19.351	2232
19.3609	2360
19.3658	2481
19.3689	2596
RxDrop at 19.3698
19.3769	2060
19.3917	2199
19.398	2329
19.3997	2452
19.406	2569
19.4077	2680
19.4157	2787
19.423	2890
19.431	2989
19.439	3085
19.447	3178
19.455	3268
19.463	3355
19.471	3440
19.479	3523
19.487	3604
19.495	3683
19.503	3761
19.511	3837
19.519	3911
19.527	3984
19.535	4056
19.543	4126
19.551	4195
19.559	4263
19.567	4330
19.575	4396
19.583	4461
19.591	4525
19.599	4588
19.607	4650
19.615	4711
19.623	4771
19.631	4831
19.639	4890
19.647	4948
19.655	5006
19.663	5063
19.671	5119
19.679	5175
19.687	5230
19.695	5284
19.703	5338
19.711	5391
19.719	5444
19.727	5496
19.735	5548
19.743	5599
19.751	5650
19.759	5700
19.767	5750
19.775	5799
19.783	5848
19.791	5897
19.799	5945
19.807	5993
19.815	6040
19.823	6087
19.831	6134
19.839	6180
19.847	6226
19.855	6272
19.863	6317
19.871	6362
19.879	6407
19.887	6451
19.895	6495
19.903	6539
19.911	6582
19.919	6625
19.927	6668
19.935	6711
19.943	6753
19.951	6795
19.959	6837
19.967	6879
19.975	6920
19.983	6961
19.991	7002
19.999	7043
20.007	7083
20.015	7123
20.023	7163
20.031	7203
20.039	7242
20.047	7281
20.055	7320
20.063	7359
20.071	7398
20.079	7436
20.087	7474
20.095	7512
20.103	7550
20.111	7588
20.119	7625
20.127	7662
20.135	7699
20.143	7736
20.151	7773
20.159	7809
20.167	7845
20.175	7881
20.183	7917
20.191	7953
20.199	7989
20.207	8024
20.215	8059
20.223	8094
20.231	8129
20.239	8164
20.247	8199
20.255	8234
20.263	8268
20.271	8302
20.279	8336
20.287	8370
20.295	8404
20.303	8438
20.311	8472
20.319	8505
20.327	8538
20.335	8571
20.343	8604
20.351	8637
20.359	8670
20.367	8703
20.375	8736
20.383	8768
20.391	8800
20.399	8832
20.407	8864
20.415	8896
20.423	8928
20.431	8960
20.439	8992
20.447	9023
20.455	9054
20.463	9085
20.471	9116
20.479	9147
20.487	9178
20.495	9209
20.503	9240
RxDrop at 20.5105
20.511	9271
20.5209	2060
20.5369	2199
20.5386	2329
20.5449	2452
20.5465	2569
20.5529	2680
20.56	2787
20.5616	2890
20.5696	2989
20.5776	3085
20.5856	3178
20.5936	3268
20.6016	3355
20.6096	3440
20.6176	3523
20.6256	3604
20.6336	3683
20.6416	3761
20.6496	3837
20.6576	3911
20.6656	3984
20.6736	4056
20.6816	4126
20.6896	4195
20.6976	4263
20.7056	4330
20.7136	4396
20.7216	4461
20.7296	4525
20.7376	4588
20.7456	4650
20.7536	4711
20.7616	4771
20.7696	4831
20.7776	4890
20.7856	4948
20.7936	5006
20.8016	5063
20.8096	5119
20.8176	5175
20.8256	5230
20.8336	5284
20.8416	5338
20.8496	5391
20.8576	5444
20.8656	5496
20.8736	5548
20.8816	5599
20.8896	5650
20.8976	5700
20.9056	5750
20.9136	5799
20.9216	5848
20.9296	5897
20.9376	5945
20.9456	5993
20.9536	6040
20.9616	6087
20.9696	6134
20.9776	6180
20.9856	6226
20.9936	6272
21.0016	6317
21.0096	6362
21.0176	6407
21.0256	6451
21.0336	6495
21.0416	6539
21.0496	6582
21.0576	6625
21.0656	6668
21.0736	6711
21.0816	6753
21.0896	6795
21.0976	6837
21.1056	6879
21.1136	6920
21.1216	6961
21.1296	7002
21.1376	7043
21.1456	7083
21.1536	7123
21.1616	7163
21.1696	7203
21.1776	7242
21.1856	7281
21.1936	7320
21.2016	7359
21.2096	7398
21.2176	7436
21.2256	7474
21.2336	7512
21.2416	7550
21.2496	7588
21.2576	7625
21.2656	7662
21.2736	7699
21.2816	7736
21.2896	7773
21.2976	7809
21.3056	7845
21.3136	7881
21.3216	7917
21.3296	7953
21.3376	7989
21.3456	8024
21.3536	8059
21.3616	8094
21.3696	8129
21.3776	8164
21.3856	8199
21.3936	8234
21.4016	8268
21.4096	8302
21.4176	8336
21.4256	8370
21.4336	8404
21.4416	8438
21.4496	8472
21.4576	8505
21.4656	8538
21.4736	8571
21.4816	8604
21.4896	8637
21.4976	8670
21.5056	8703
21.5136	8736
21.5216	8768
21.5296	8800
21.5376	8832
21.5456	8864
21.5536	8896
21.5616	8928
21.5696	8960
21.5776	8992
21.5856	9023
21.5936	9054
21.6016	9085
21.6096	9116
21.6176	9147
21.6256	9178
21.6336	9209
21.6416	9240
21.6496	9271
21.6576	9301
21.6656	9331
21.6736	9361
21.6816	9391
21.6896	9421
21.6976	9451
21.7056	9481
21.7136	9511
21.7216	9541
21.7296	9571
21.7376	9601
21.7456	9630
21.7536	9659
21.7616	9688
21.7696	9717
21.7776	9746
21.7856	9775
21.7936	9804
21.8016	9833
21.8096	9862
21.8176	9891
21.8256	9920
21.8336	9948
21.8416	9976
21.8496	10004
21.8576	10032
21.8656	10060
21.8736	10088
21.8816	10116
21.8896	10144
21.8976	10172
21.9056	10200
21.9136	10228
21.9216	10256
21.9296	10284
21.9376	10311
21.9456	10338
21.9536	10365
21.9616	10392
21.9696	10419
21.9776	10446
21.9856	10473
21.9936	10500
22.0016	10527
22.0096	10554
22.0176	10581
22.0256	10608
22.0336	10635
22.0416	10662
22.0496	10688
22.0576	10714
22.0656	10740
22.0736	10766
22.0816	10792
22.0896	10818
22.0976	10844
22.1056	10870
22.1136	10896
22.1216	10922
22.1296	10948
22.1376	10974
22.1456	11000
22.1536	11026
22.1616	11052
22.1696	11077
22.1776	11102
22.1856	11127
22.1936	11152
RxDrop at 22.1985
22.207	11177
22.2089	2060
22.2249	2199
22.2266	2329
22.2329	2452
22.2345	2569
22.2409	2680
22.248	2787
22.2496	2890
22.2576	2989
22.2656	3085
22.2736	3178
22.2816	3268
22.2896	3355
22.2976	3440
22.3056	3523
22.3136	3604
22.3216	3683
22.3296	3761
22.3376	3837
22.3456	3911
22.3536	3984
22.3616	4056
22.3696	4126
22.3776	4195
22.3856	4263
22.3936	4330
22.4016	4396
22.4096	4461
22.4176	4525
22.4256	4588
22.4336	4650
22.4416	4711
22.4496	4771
RxDrop at 22.4545
22.463	4831
22.4649	2060
22.4809	2199
22.4826	2329
22.4889	2452
22.4905	2569
22.4969	2680
22.504	2787
22.5056	2890
22.5136	2989
22.5216	3085
22.5296	3178
22.5376	3268
22.5456	3355
22.5536	3440
22.5616	3523
22.5696	3604
22.5776	3683
22.5856	3761
22.5936	3837
RxDrop at 22.5969
22.6009	3911
22.607	2060
22.6211	2199
22.6228	2329
22.6291	2452
22.6307	2569
22.6371	2680
22.6441	2787
22.6511	2890
22.6581	2989
22.6652	3085
22.6722	3178
22.68	3268
22.6816	3355
22.6896	3440
22.6976	3523
22.7056	3604
22.7136	3683
22.7216	3761
22.7296	3837
22.7376	3911
22.7456	3984
22.7536	4056
22.7616	4126
22.7696	4195
22.7776	4263
22.7856	4330
22.7936	4396
22.8016	4461
22.8096	4525
22.8176	4588
22.8256	4650
22.8336	4711
22.8416	4771
22.8496	4831
22.8576	4890
22.8656	4948
22.8736	5006
22.8816	5063
22.8896	5119
22.8976	5175
22.9056	5230
22.9136	5284
22.9216	5338
22.9296	5391
22.9376	5444
22.9456	5496
22.9536	5548
22.9616	5599
22.9696	5650
22.9776	5700
22.9856	5750
22.9936	5799
23.0016	5848
23.0096	5897
23.0176	5945
23.0256	5993
23.0336	6040
23.0416	6087
23.0496	6134
23.0576	6180
23.0656	6226
23.0736	6272
23.0816	6317
23.0896	6362
23.0976	6407
23.1056	6451
23.1136	6495
23.1216	6539
23.1296	6582
23.1376	6625
23.1456	6668
23.1536	6711
23.1616	6753
23.1696	6795
23.1776	6837
23.1856	6879
23.1936	6920
RxDrop at 23.1978
23.208	2060
23.222	2199
23.2237	2329
23.23	2452
23.2317	2569
23.238	2680
23.245	2787
23.2521	2890
23.2591	2989
23.2661	3085
23.2731	3178
23.28	3268
23.2816	3355
23.2896	3440
23.2976	3523
23.3056	3604
23.3136	3683
23.3216	3761
23.3296	3837
23.3376	3911
23.3456	3984
23.3536	4056
23.3616	4126
RxDrop at 23.3658
23.376	2060
23.39	2199
23.3917	2329
23.398	2452
23.3997	2569
23.406	2680
23.413	2787
23.4201	2890
23.4271	2989
23.4341	3085
23.4411	3178
23.448	3268
23.4496	3355
23.4576	3440
23.4656	3523
23.4736	3604
23.4816	3683
23.4896	3761
23.4976	3837
23.5056	3911
23.5136	3984
23.5216	4056
23.5296	4126
23.5376	4195
23.5456	4263
23.5536	4330
23.5616	4396
23.5696	4461
23.5776	4525
23.5856	4588
23.5936	4650
23.6016	4711
23.6096	4771
23.6176	4831
23.6256	4890
23.6336	4948
23.6416	5006
23.6496	5063
23.6576	5119
23.6656	5175
23.6736	5230
23.6816	5284
23.6896	5338
23.6976	5391
23.7056	5444
23.7136	5496
23.7216	5548
23.7296	5599
23.7376	5650
23.7456	5700
23.7536	5750
23.7616	5799
23.7696	5848
23.7776	5897
23.7856	5945
23.7936	5993
23.8016	6040
23.8096	6087
23.8176	6134
23.8256	6180
23.8336	6226
23.8416	6272
23.8496	6317
23.8576	6362
23.8656	6407
23.8736	6451
23.8816	6495
23.8896	6539
23.8976	6582
23.9056	6625
23.9136	6668
23.9216	6711
23.9296	6753
23.9376	6795
23.9456	6837
23.9536	6879
23.9616	6920
23.9696	6961
23.9776	7002
23.9856	7043
23.9936	7083
24.0016	7123
24.0096	7163
24.0176	7203
24.0256	7242
24.0336	7281
24.0416	7320
24.0496	7359
24.0576	7398
24.0656	7436
24.0736	7474
24.0816	7512
24.0896	7550
24.0976	7588
24.1056	7625
24.1136	7662
RxDrop at 24.1178
24.128	2060
24.142	2199
24.1437	2329
24.15	2452
24.1517	2569
24.158	2680
24.165	2787
24.1721	2890
24.1791	2989
24.1861	3085
24.1931	3178
24.2	3268
24.2016	3355
24.2096	3440
24.2176	3523
24.2256	3604
24.2336	3683
24.2416	3761
24.2496	3837
24.2576	3911
24.2656	3984
24.2736	4056
24.2816	4126
24.2896	4195
24.2976	4263
24.3056	4330
24.3136	4396
24.3216	4461
24.3296	4525
24.3376	4588
RxDrop at 24.3399
24.3456	2060
24.3616	2199
24.3633	2329
24.3696	2452
24.3712	2569
24.3776	2680
24.3846	2787
24.392	2890
24.3936	2989
24.4016	3085
24.4096	3178
24.4176	3268
24.4256	3355
24.4336	3440
RxDrop at 24.4359
24.4416	2060
24.4576	2199
24.4593	2329
24.4656	2452
24.4672	2569
24.4736	2680
24.4806	2787
RxDrop at 24.4849
24.4889	2890
24.495	2060
24.5091	2199
24.5108	2329
24.5171	2452
24.5187	2569
24.5251	2680
24.5321	2787
24.5391	2890
24.5461	2989
24.5532	3085
RxDrop at 24.5559
24.5619	2060
24.5776	2199
24.5793	2329
24.5856	2452
24.5872	2569
24.5936	2680
24.6006	2787
24.608	2890
24.6096	2989
24.6176	3085
24.6256	3178
24.6336	3268
24.6416	3355
24.6496	3440
24.6576	3523
24.6656	3604
24.6736	3683
24.6816	3761
RxDrop at 24.6849
24.6889	3837
24.695	2060
24.7091	2199
24.7108	2329
24.7171	2452
24.7187	2569
24.7251	2680
24.7321	2787
24.7391	2890
24.7461	2989
24.7532	3085
24.7602	3178
24.768	3268
24.7696	3355
24.7776	3440
24.7856	3523
24.7936	3604
24.8016	3683
24.8096	3761
24.8176	3837
24.8256	3911
24.8336	3984
24.8416	4056
24.8496	4126
24.8576	4195
24.8656	4263
24.8736	4330
24.8816	4396
24.8896	4461
24.8976	4525
24.9056	4588
24.9136	4650
24.9216	4711
24.9296	4771
24.9376	4831
24.9456	4890
24.9536	4948
24.9616	5006
24.9696	5063
24.9776	5119
24.9856	5175
24.9936	5230
ns3::TcpVegas
0 hi 
