Waf: Entering directory `/home/gman/Downloads/ns-allinone-3.29/ns-3.29/build'
Waf: Leaving directory `/home/gman/Downloads/ns-allinone-3.29/ns-3.29/build'
Build commands will be stored in build/compile_commands.json
'build' finished successfully (5.325s)
0.0061856	536
0.0133024	1072
0.0212768	1608
0.0292512	2144
0.0362816	2680
0.0381696	3216
0.044256	3752
0.046144	4288
0.048032	4824
0.0522304	5360
0.0541184	5896
0.0560064	6432
0.0578944	6968
0.0597824	7504
0.0609152	8040
0.0639744	8576
0.065632	9112
RxDrop at 0.069832
0.0719744	9648
0.0799872	1072
0.094048	1340
0.102022	1554
0.109997	1738
0.117971	1903
0.125002	2053
0.132032	2192
0.139062	2323
0.14095	2446
0.147037	2563
0.148925	2675
0.155011	2782
0.156899	2885
0.162986	2984
0.164874	3080
0.170016	3173
0.171904	3263
0.177046	3351
0.178934	3436
0.180822	3519
0.185021	3600
0.186909	3679
0.188797	3757
0.192995	3833
0.194883	3907
0.196771	3980
0.200026	4052
0.201914	4122
0.203776	4191
RxDrop at 0.205832
0.207974	4259
0.215987	1072
0.230048	1340
RxDrop at 0.233992
0.252122	1072
0.266182	1340
0.274157	1554
0.282131	1738
0.290106	1903
0.297136	2053
0.304166	2192
0.311197	2323
0.313085	2446
0.319171	2563
0.321059	2675
0.327146	2782
0.329034	2885
0.33512	2984
0.337008	3080
0.34215	3173
0.344038	3263
0.349181	3351
0.351069	3436
0.352957	3519
0.357155	3600
0.359043	3679
0.360931	3757
0.36513	3833
0.367018	3907
0.368906	3980
0.37216	4052
0.374048	4122
0.375936	4191
0.37919	4259
0.381078	4326
0.382966	4392
0.386221	4457
0.388109	4521
0.389997	4584
0.391885	4646
0.394195	4707
0.396083	4768
0.397971	4828
0.399078	4887
0.401226	4945
0.40703	5003
0.408918	5060
0.41503	5116
0.416918	5172
0.42303	5227
0.424918	5281
0.43103	5335
0.432918	5388
0.43903	5441
0.440918	5493
0.44703	5545
0.448918	5596
0.45503	5647
0.456918	5697
0.46303	5747
0.464918	5796
0.47103	5845
0.472918	5894
0.47903	5942
0.480918	5990
0.48703	6037
0.488918	6084
0.49503	6131
0.496918	6177
0.50303	6223
0.504918	6269
0.51103	6314
0.512918	6359
0.51903	6404
0.520918	6448
0.52703	6492
0.528918	6536
0.53503	6579
0.536918	6622
0.54303	6665
0.544918	6708
0.55103	6750
0.552918	6792
0.55903	6834
0.560918	6876
0.56703	6917
0.568918	6958
0.57503	6999
0.576918	7040
0.58303	7080
0.584918	7120
0.59103	7160
0.592918	7200
0.59903	7239
0.600918	7278
0.60703	7317
0.608918	7356
0.61503	7395
0.616918	7433
0.62303	7471
0.624918	7509
0.63103	7547
0.632918	7585
0.63903	7622
0.640918	7659
0.64703	7696
0.648918	7733
0.65503	7770
0.656918	7806
0.66303	7842
0.664918	7878
0.67103	7914
0.672918	7950
0.67903	7986
0.680918	8021
0.68703	8056
0.688918	8091
0.69503	8126
0.696918	8161
0.70303	8196
0.704918	8231
0.71103	8265
0.712918	8299
0.71903	8333
0.720918	8367
0.72703	8401
0.728918	8435
0.73503	8469
0.736918	8502
0.74303	8535
0.744918	8568
0.75103	8601
0.752918	8634
RxDrop at 0.755944
RxDrop at 0.758546
0.767056	1072
0.783488	1340
0.791462	1554
0.799437	1738
0.807411	1903
RxDrop at 0.811355
0.815398	2053
0.823386	1072
0.837459	1340
0.845434	1554
0.853408	1738
0.861382	1903
0.868413	2053
0.875443	2192
0.882474	2323
0.884362	2446
0.890448	2563
0.892336	2675
0.898422	2782
0.90031	2885
0.906397	2984
0.908285	3080
0.913427	3173
0.915315	3263
0.920458	3351
0.922346	3436
0.924234	3519
0.928432	3600
0.93032	3679
0.932208	3757
0.936406	3833
0.938294	3907
0.940182	3980
0.943437	4052
0.945325	4122
0.947213	4191
0.950467	4259
0.952355	4326
0.954243	4392
0.957498	4457
0.959386	4521
0.961274	4584
0.963162	4646
0.965472	4707
0.96736	4768
0.969248	4828
0.971136	4887
0.972832	4945
0.975974	5003
0.977632	5060
0.983974	5116
0.985632	5172
0.991974	5227
0.993632	5281
0.999974	5335
1.00163	5388
1.00797	5441
1.00963	5493
1.01597	5545
1.01763	5596
1.02397	5647
1.02563	5697
1.03197	5747
1.03363	5796
1.03997	5845
1.04163	5894
1.04797	5942
1.04963	5990
1.05597	6037
1.05763	6084
1.06397	6131
1.06563	6177
1.07197	6223
1.07363	6269
1.07997	6314
1.08163	6359
1.08797	6404
1.08963	6448
1.09597	6492
1.09763	6536
1.10397	6579
1.10563	6622
1.11197	6665
1.11363	6708
1.11997	6750
1.12163	6792
1.12797	6834
1.12963	6876
1.13597	6917
1.13763	6958
1.14397	6999
1.14563	7040
1.15197	7080
1.15363	7120
1.15997	7160
1.16163	7200
1.16797	7239
1.16963	7278
1.17597	7317
1.17763	7356
1.18397	7395
1.18563	7433
1.19197	7471
1.19363	7509
1.19997	7547
1.20163	7585
1.20797	7622
1.20963	7659
1.21597	7696
1.21763	7733
1.22397	7770
1.22563	7806
1.23197	7842
1.23363	7878
1.23997	7914
1.24163	7950
1.24797	7986
1.24963	8021
1.25597	8056
1.25763	8091
1.26397	8126
1.26563	8161
1.27197	8196
1.27363	8231
1.27997	8265
1.28163	8299
1.28797	8333
1.28963	8367
1.29597	8401
1.29763	8435
1.30397	8469
1.30563	8502
1.31197	8535
1.31363	8568
1.31997	8601
1.32163	8634
1.32797	8667
1.32963	8700
1.33597	8733
1.33763	8765
1.34397	8797
1.34563	8829
1.35197	8861
1.35363	8893
1.35997	8925
1.36163	8957
1.36797	8989
1.36963	9020
1.37597	9051
1.37763	9082
1.38397	9113
1.38563	9144
1.39197	9175
1.39363	9206
1.39997	9237
1.40163	9268
1.40797	9298
1.40963	9328
1.41597	9358
1.41763	9388
1.42397	9418
1.42563	9448
1.43197	9478
1.43363	9508
1.43997	9538
1.44163	9568
1.44797	9598
1.44963	9627
1.45597	9656
1.45763	9685
1.46397	9714
1.46563	9743
1.47197	9772
1.47363	9801
1.47997	9830
1.48163	9859
1.48797	9888
1.48963	9917
1.49597	9945
1.49763	9973
1.50397	10001
1.50563	10029
1.51197	10057
1.51363	10085
1.51997	10113
1.52163	10141
1.52797	10169
1.52963	10197
1.53597	10225
1.53763	10253
1.54397	10281
1.54563	10308
1.55197	10335
1.55363	10362
1.55997	10389
1.56163	10416
1.56797	10443
1.56963	10470
1.57597	10497
1.57763	10524
1.58397	10551
1.58563	10578
1.59197	10605
1.59363	10632
1.59997	10659
1.60163	10685
1.60797	10711
1.60963	10737
1.61597	10763
1.61763	10789
1.62397	10815
1.62563	10841
1.63197	10867
1.63363	10893
1.63997	10919
1.64163	10945
1.64797	10971
1.64963	10997
1.65597	11023
1.65763	11049
1.66397	11075
1.66563	11100
1.67197	11125
1.67363	11150
1.67997	11175
1.68163	11200
1.68797	11225
1.68963	11250
1.69597	11275
1.69763	11300
1.70397	11325
1.70563	11350
1.71197	11375
1.71363	11400
1.71997	11425
1.72163	11450
1.72797	11475
1.72963	11500
1.73597	11524
1.73763	11548
1.74397	11572
1.74563	11596
1.75197	11620
1.75363	11644
1.75997	11668
1.76163	11692
1.76797	11716
1.76963	11740
1.77597	11764
1.77763	11788
1.78397	11812
1.78563	11836
1.79197	11860
1.79363	11884
1.79997	11908
1.80163	11932
1.80797	11956
1.80963	11980
1.81597	12003
1.81763	12026
1.82397	12049
1.82563	12072
1.83197	12095
1.83363	12118
1.83997	12141
1.84163	12164
1.84797	12187
1.84963	12210
1.85597	12233
1.85763	12256
1.86397	12279
1.86563	12302
1.87197	12325
1.87363	12348
1.87997	12371
1.88163	12394
1.88797	12417
1.88963	12440
1.89597	12463
1.89763	12486
1.90397	12509
1.90563	12531
1.91197	12553
1.91363	12575
1.91997	12597
1.92163	12619
1.92797	12641
1.92963	12663
1.93597	12685
1.93763	12707
1.94397	12729
1.94563	12751
1.95197	12773
1.95363	12795
1.95997	12817
1.96163	12839
1.96797	12861
1.96963	12883
1.97597	12905
1.97763	12927
1.98397	12949
1.98563	12971
1.99197	12993
1.99363	13015
1.99997	13037
2.00163	13059
2.00797	13080
2.00963	13101
2.01597	13122
2.01763	13143
2.02397	13164
2.02563	13185
2.03197	13206
2.03363	13227
2.03997	13248
2.04163	13269
2.04797	13290
2.04963	13311
2.05597	13332
2.05763	13353
2.06397	13374
2.06563	13395
2.07197	13416
2.07363	13437
2.07997	13458
2.08163	13479
2.08797	13500
2.08963	13521
2.09597	13542
2.09763	13563
2.10397	13584
2.10563	13605
2.11197	13626
2.11363	13647
2.11997	13668
2.12163	13689
2.12797	13709
2.12963	13729
2.13597	13749
2.13763	13769
2.14397	13789
2.14563	13809
2.15197	13829
2.15363	13849
2.15997	13869
2.16163	13889
2.16797	13909
2.16963	13929
2.17597	13949
2.17763	13969
2.18397	13989
2.18563	14009
2.19197	14029
2.19363	14049
2.19997	14069
2.20163	14089
2.20797	14109
2.20963	14129
2.21597	14149
2.21763	14169
2.22397	14189
2.22563	14209
2.23197	14229
2.23363	14249
2.23997	14269
2.24163	14289
2.24797	14309
2.24963	14329
2.25597	14349
2.25763	14369
2.26397	14388
2.26563	14407
2.27197	14426
2.27363	14445
2.27997	14464
2.28163	14483
2.28797	14502
2.28963	14521
2.29597	14540
2.29763	14559
2.30397	14578
2.30563	14597
2.31197	14616
2.31363	14635
2.31997	14654
2.32163	14673
2.32797	14692
2.32963	14711
2.33597	14730
2.33763	14749
RxDrop at 2.33994
2.34564	1072
2.36162	1340
2.36959	1554
2.37757	1738
2.38554	1903
2.39257	2053
2.3996	2192
2.40663	2323
2.40852	2446
2.41461	2563
2.4165	2675
2.42258	2782
2.42447	2885
2.43056	2984
2.43244	3080
2.43759	3173
2.43948	3263
2.44462	3351
2.44651	3436
2.44839	3519
2.45259	3600
2.45448	3679
2.45637	3757
2.46057	3833
2.46245	3907
2.46392	3980
2.4676	4052
2.47103	4122
2.47292	4191
2.47903	4259
2.48092	4326
2.48703	4392
2.48892	4457
2.49503	4521
2.49692	4584
2.50303	4646
2.50492	4707
2.51103	4768
2.51292	4828
2.51903	4887
2.52092	4945
2.52703	5003
2.52892	5060
2.53503	5116
2.53692	5172
2.54303	5227
2.54492	5281
2.55103	5335
2.55292	5388
2.55903	5441
2.56092	5493
2.56703	5545
2.56892	5596
2.57503	5647
2.57692	5697
2.58303	5747
2.58492	5796
2.59103	5845
2.59292	5894
2.59903	5942
2.60092	5990
2.60703	6037
2.60892	6084
2.61503	6131
2.61692	6177
2.62303	6223
2.62492	6269
2.63103	6314
2.63292	6359
2.63903	6404
2.64092	6448
2.64703	6492
2.64892	6536
RxDrop at 2.65455
2.65503	6579
2.65692	6622
2.66493	1196
2.68162	1436
2.68959	1636
2.69757	1811
2.7046	1969
2.71163	2114
2.71866	2249
2.72569	2376
2.72758	2496
2.73366	2611
2.73555	2721
2.74164	2826
2.74353	2927
2.74867	3025
2.75056	3119
2.7557	3211
2.75759	3300
2.76273	3387
2.76462	3471
2.76651	3553
2.7707	3633
2.77259	3712
2.77448	3789
2.77868	3864
2.78057	3938
2.78303	4010
2.78571	4081
2.79103	4151
2.79292	4220
2.79903	4288
2.80092	4355
2.80703	4420
2.80892	4484
2.81503	4548
2.81692	4611
2.82303	4673
2.82492	4734
2.83103	4794
2.83292	4853
2.83903	4912
2.84092	4970
2.84703	5027
2.84892	5084
2.85503	5140
2.85692	5195
2.86303	5250
2.86492	5304
2.87103	5358
2.87292	5411
2.87903	5464
2.88092	5516
2.88703	5568
2.88892	5619
2.89503	5670
2.89692	5720
2.90303	5770
2.90492	5819
2.91103	5868
2.91292	5916
2.91903	5964
2.92092	6012
2.92703	6059
2.92892	6106
2.93503	6153
2.93692	6199
2.94303	6245
2.94492	6291
2.95103	6336
2.95292	6381
2.95903	6426
2.96092	6470
2.96703	6514
2.96892	6558
2.97503	6601
2.97692	6644
2.98303	6687
2.98492	6729
2.99103	6771
2.99292	6813
2.99903	6855
3.00092	6896
3.00703	6937
3.00892	6978
3.01503	7019
3.01692	7059
3.02303	7099
3.02492	7139
3.03103	7179
3.03292	7219
3.03903	7258
3.04092	7297
3.04703	7336
3.04892	7375
3.05503	7413
3.05692	7451
3.06303	7489
3.06492	7527
3.07103	7565
3.07292	7602
3.07903	7639
3.08092	7676
3.08703	7713
3.08892	7750
3.09503	7787
3.09692	7823
RxDrop at 3.10089
3.10303	7859
3.11104	1072
RxDrop at 3.11759
3.15326	1340
3.16124	1554
3.16921	1738
3.17719	1903
3.18422	2053
3.19125	2192
3.19828	2323
3.20017	2446
3.20625	2563
3.20814	2675
3.21423	2782
3.21612	2885
3.2222	2984
3.22409	3080
3.22923	3173
3.23112	3263
3.23626	3351
3.23815	3436
3.24004	3519
3.24424	3600
3.24612	3679
3.24801	3757
3.25221	3833
3.2541	3907
3.25599	3980
3.25924	4052
3.26113	4122
3.26302	4191
3.26627	4259
3.26816	4326
3.27005	4392
3.2733	4457
3.27519	4521
3.27708	4584
3.27897	4646
3.28128	4707
3.28316	4768
3.28703	4828
3.28892	4887
3.29503	4945
3.29692	5003
3.30303	5060
3.30492	5116
3.31103	5172
3.31292	5227
3.31903	5281
3.32092	5335
3.32703	5388
3.32892	5441
3.33503	5493
3.33692	5545
3.34303	5596
3.34492	5647
3.35103	5697
3.35292	5747
3.35903	5796
3.36092	5845
3.36703	5894
3.36892	5942
3.37503	5990
3.37692	6037
3.38303	6084
3.38492	6131
3.39103	6177
3.39292	6223
3.39903	6269
3.40092	6314
3.40703	6359
3.40892	6404
3.41503	6448
3.41692	6492
3.42303	6536
3.42492	6579
3.43103	6622
3.43292	6665
3.43903	6708
3.44092	6750
3.44703	6792
3.44892	6834
3.45503	6876
3.45692	6917
3.46303	6958
3.46492	6999
3.47103	7040
3.47292	7080
3.47903	7120
3.48092	7160
RxDrop at 3.48583
3.48703	7200
3.48964	7239
3.49599	1072
3.51005	1340
3.51802	1554
3.526	1738
3.53397	1903
3.541	2053
3.54803	2192
3.55506	2323
3.55695	2446
3.56304	2563
3.56492	2675
3.57101	2782
3.5729	2885
3.57899	2984
3.58087	3080
3.58602	3173
3.5879	3263
3.59305	3351
3.59493	3436
3.59682	3519
3.60102	3600
3.60291	3679
3.6048	3757
3.609	3833
3.61088	3907
3.61277	3980
3.61603	4052
3.61791	4122
3.61978	4191
3.62397	4259
3.62563	4326
3.63197	4392
3.63363	4457
3.63997	4521
3.64163	4584
3.64797	4646
3.64963	4707
3.65597	4768
3.65763	4828
3.66397	4887
3.66563	4945
3.67197	5003
3.67363	5060
3.67997	5116
3.68163	5172
3.68797	5227
3.68963	5281
3.69597	5335
3.69763	5388
3.70397	5441
3.70563	5493
3.71197	5545
3.71363	5596
3.71997	5647
3.72163	5697
3.72797	5747
3.72963	5796
3.73597	5845
3.73763	5894
3.74397	5942
3.74563	5990
3.75197	6037
3.75363	6084
3.75997	6131
3.76163	6177
3.76797	6223
3.76963	6269
3.77597	6314
3.77763	6359
3.78397	6404
3.78563	6448
3.79197	6492
3.79363	6536
3.79997	6579
3.80163	6622
3.80797	6665
3.80963	6708
3.81597	6750
3.81763	6792
3.82397	6834
3.82563	6876
3.83197	6917
3.83363	6958
3.83997	6999
3.84163	7040
3.84797	7080
3.84963	7120
3.85597	7160
3.85763	7200
3.86397	7239
3.86563	7278
3.87197	7317
3.87363	7356
3.87997	7395
3.88163	7433
3.88797	7471
3.88963	7509
3.89597	7547
3.89763	7585
3.90397	7622
3.90563	7659
3.91197	7696
3.91363	7733
3.91997	7770
3.92163	7806
3.92797	7842
3.92963	7878
3.93597	7914
3.93763	7950
3.94397	7986
3.94563	8021
3.95197	8056
3.95363	8091
3.95997	8126
3.96163	8161
3.96797	8196
3.96963	8231
3.97597	8265
3.97763	8299
3.98397	8333
3.98563	8367
3.99197	8401
3.99363	8435
3.99997	8469
4.00163	8502
4.00797	8535
4.00963	8568
4.01597	8601
4.01763	8634
4.02397	8667
4.02563	8700
4.03197	8733
4.03363	8765
4.03997	8797
4.04163	8829
4.04797	8861
4.04963	8893
4.05597	8925
4.05763	8957
4.06397	8989
4.06563	9020
4.07197	9051
4.07363	9082
4.07997	9113
4.08163	9144
4.08797	9175
4.08963	9206
4.09597	9237
4.09763	9268
4.10397	9298
4.10563	9328
4.11197	9358
4.11363	9388
RxDrop at 4.11783
4.11997	9418
4.12799	1072
4.14205	1340
4.15002	1554
4.158	1738
4.16597	1903
4.173	2053
4.18003	2192
4.18706	2323
4.18895	2446
4.19504	2563
4.19692	2675
4.20301	2782
4.2049	2885
4.21099	2984
4.21287	3080
4.21802	3173
4.2199	3263
4.22505	3351
4.22693	3436
4.22882	3519
4.23302	3600
4.23491	3679
4.2368	3757
4.241	3833
4.24288	3907
4.24477	3980
4.24803	4052
4.24991	4122
4.25178	4191
4.25597	4259
4.25763	4326
4.26397	4392
4.26563	4457
4.27197	4521
4.27363	4584
4.27997	4646
4.28163	4707
4.28797	4768
4.28963	4828
4.29597	4887
4.29763	4945
4.30397	5003
4.30563	5060
4.31197	5116
4.31363	5172
4.31997	5227
4.32163	5281
4.32797	5335
4.32963	5388
4.33597	5441
4.33763	5493
4.34397	5545
4.34563	5596
4.35197	5647
4.35363	5697
4.35997	5747
4.36163	5796
4.36797	5845
4.36963	5894
4.37597	5942
4.37763	5990
4.38397	6037
4.38563	6084
4.39197	6131
4.39363	6177
4.39997	6223
4.40163	6269
4.40797	6314
4.40963	6359
4.41597	6404
4.41763	6448
4.42397	6492
4.42563	6536
4.43197	6579
4.43363	6622
4.43997	6665
4.44163	6708
4.44797	6750
4.44963	6792
4.45597	6834
4.45763	6876
4.46397	6917
4.46563	6958
4.47197	6999
4.47363	7040
4.47997	7080
4.48163	7120
4.48797	7160
4.48963	7200
4.49597	7239
4.49763	7278
4.50397	7317
4.50563	7356
4.51197	7395
4.51363	7433
4.51997	7471
4.52163	7509
4.52797	7547
4.52963	7585
4.53597	7622
4.53763	7659
4.54397	7696
4.54563	7733
4.55197	7770
4.55363	7806
4.55997	7842
4.56163	7878
4.56797	7914
4.56963	7950
4.57597	7986
4.57763	8021
4.58397	8056
4.58563	8091
4.59197	8126
4.59363	8161
4.59997	8196
4.60163	8231
4.60797	8265
4.60963	8299
4.61597	8333
4.61763	8367
4.62397	8401
4.62563	8435
4.63197	8469
4.63363	8502
4.63997	8535
4.64163	8568
4.64797	8601
4.64963	8634
4.65597	8667
4.65763	8700
4.66397	8733
4.66563	8765
4.67197	8797
4.67363	8829
4.67997	8861
4.68163	8893
4.68797	8925
4.68963	8957
4.69597	8989
4.69763	9020
4.70397	9051
4.70563	9082
4.71197	9113
4.71363	9144
4.71997	9175
4.72163	9206
4.72797	9237
4.72963	9268
4.73597	9298
4.73763	9328
4.74397	9358
4.74563	9388
4.75197	9418
4.75363	9448
4.75997	9478
4.76163	9508
4.76797	9538
4.76963	9568
4.77597	9598
4.77763	9627
4.78397	9656
4.78563	9685
4.79197	9714
4.79363	9743
4.79997	9772
4.80163	9801
4.80797	9830
4.80963	9859
4.81597	9888
4.81763	9917
4.82397	9945
4.82563	9973
4.83197	10001
4.83363	10029
4.83997	10057
4.84163	10085
4.84797	10113
4.84963	10141
4.85597	10169
4.85763	10197
4.86397	10225
4.86563	10253
4.87197	10281
4.87363	10308
4.87997	10335
4.88163	10362
4.88797	10389
4.88963	10416
4.89597	10443
4.89763	10470
4.90397	10497
4.90563	10524
4.91197	10551
4.91363	10578
4.91997	10605
4.92163	10632
4.92797	10659
4.92963	10685
4.93597	10711
4.93763	10737
4.94397	10763
4.94563	10789
4.95197	10815
4.95363	10841
RxDrop at 4.95783
4.95997	10867
4.96799	1072
4.98205	1340
4.99002	1554
4.998	1738
5.00597	1903
5.013	2053
5.02003	2192
5.02706	2323
5.02895	2446
5.03504	2563
5.03692	2675
5.04301	2782
5.0449	2885
5.05099	2984
5.05287	3080
5.05802	3173
5.0599	3263
5.06505	3351
5.06693	3436
5.06882	3519
5.07302	3600
5.07491	3679
5.0768	3757
5.081	3833
5.08288	3907
5.08477	3980
5.08803	4052
5.08991	4122
5.09178	4191
5.09597	4259
5.09763	4326
5.10397	4392
5.10563	4457
5.11197	4521
5.11363	4584
5.11997	4646
5.12163	4707
5.12797	4768
5.12963	4828
5.13597	4887
5.13763	4945
5.14397	5003
5.14563	5060
5.15197	5116
5.15363	5172
RxDrop at 5.15783
5.15997	5227
5.16799	1072
5.18205	1340
5.19002	1554
5.198	1738
5.20597	1903
5.213	2053
5.22003	2192
5.22706	2323
5.22895	2446
5.23504	2563
5.23692	2675
5.24301	2782
5.2449	2885
RxDrop at 5.24884
5.25099	2984
5.25803	1286
5.27209	1509
5.28006	1699
5.28804	1868
5.29507	2021
5.3021	2163
5.30913	2295
5.31102	2420
5.3171	2538
5.31899	2651
5.32508	2759
5.32697	2863
5.33305	2963
5.33494	3059
5.34008	3152
5.34197	3243
RxDrop at 5.34497
5.34711	3331
5.3509	1072
5.36498	1340
5.37295	1554
5.38092	1738
5.3889	1903
5.39593	2053
5.40296	2192
5.40999	2323
5.41188	2446
5.41796	2563
5.41985	2675
5.42594	2782
5.42783	2885
5.43391	2984
5.4358	3080
5.44094	3173
5.44283	3263
5.44797	3351
5.44986	3436
5.45175	3519
5.45595	3600
5.45784	3679
5.45972	3757
5.46392	3833
5.46581	3907
5.4677	3980
5.47095	4052
5.47284	4122
5.47473	4191
5.47798	4259
5.47987	4326
5.48176	4392
5.48501	4457
5.4869	4521
5.48879	4584
5.49068	4646
5.49299	4707
5.49488	4768
5.49676	4828
5.49865	4887
5.50095	4945
5.50397	5003
5.50563	5060
5.51197	5116
5.51363	5172
5.51997	5227
5.52163	5281
5.52797	5335
5.52963	5388
5.53597	5441
5.53763	5493
5.54397	5545
5.54563	5596
5.55197	5647
5.55363	5697
5.55997	5747
5.56163	5796
5.56797	5845
5.56963	5894
5.57597	5942
5.57763	5990
5.58397	6037
5.58563	6084
5.59197	6131
5.59363	6177
5.59997	6223
5.60163	6269
5.60797	6314
5.60963	6359
5.61597	6404
5.61763	6448
5.62397	6492
5.62563	6536
5.63197	6579
5.63363	6622
5.63997	6665
5.64163	6708
5.64797	6750
5.64963	6792
5.65597	6834
5.65763	6876
5.66397	6917
5.66563	6958
5.67197	6999
5.67363	7040
5.67997	7080
5.68163	7120
5.68797	7160
5.68963	7200
5.69597	7239
5.69763	7278
5.70397	7317
5.70563	7356
5.71197	7395
5.71363	7433
5.71997	7471
5.72163	7509
5.72797	7547
5.72963	7585
5.73597	7622
5.73763	7659
5.74397	7696
5.74563	7733
5.75197	7770
5.75363	7806
5.75997	7842
5.76163	7878
5.76797	7914
5.76963	7950
5.77597	7986
5.77763	8021
5.78397	8056
5.78563	8091
5.79197	8126
5.79363	8161
5.79997	8196
5.80163	8231
5.80797	8265
5.80963	8299
5.81597	8333
5.81763	8367
5.82397	8401
5.82563	8435
5.83197	8469
5.83363	8502
5.83997	8535
5.84163	8568
5.84797	8601
5.84963	8634
5.85597	8667
5.85763	8700
5.86397	8733
5.86563	8765
5.87197	8797
5.87363	8829
5.87997	8861
5.88163	8893
5.88797	8925
5.88963	8957
5.89597	8989
5.89763	9020
5.90397	9051
5.90563	9082
5.91197	9113
5.91363	9144
5.91997	9175
5.92163	9206
5.92797	9237
5.92963	9268
5.93597	9298
5.93763	9328
RxDrop at 5.93994
5.94564	1072
5.96162	1340
5.96959	1554
5.97757	1738
5.98554	1903
5.99257	2053
5.9996	2192
6.00663	2323
6.00852	2446
RxDrop at 6.01058
6.01651	1072
6.03058	1340
6.03856	1554
6.04653	1738
6.05451	1903
6.06154	2053
6.06857	2192
6.0756	2323
6.07748	2446
6.08357	2563
6.08546	2675
6.09155	2782
6.09343	2885
RxDrop at 6.09738
6.09952	2984
RxDrop at 6.10346
6.10752	1286
6.12348	1509
6.13146	1699
6.13943	1868
6.14646	2021
6.15349	2163
6.16052	2295
6.16241	2420
6.1685	2538
6.17038	2651
6.17647	2759
6.17836	2863
6.18444	2963
6.18633	3059
6.19148	3152
6.19336	3243
6.19851	3331
6.20039	3417
6.20228	3501
6.20648	3583
6.20837	3663
6.21026	3741
6.21445	3817
6.21634	3892
6.21823	3965
6.22243	4037
6.22432	4108
6.2262	4177
6.22946	4245
6.23135	4312
6.23324	4378
6.23649	4443
6.23838	4507
6.24027	4570
6.24215	4632
6.24446	4694
6.24635	4755
6.24824	4815
6.25013	4874
6.25244	4932
6.25433	4990
6.25621	5047
6.2581	5103
6.25999	5159
6.26303	5214
6.26492	5269
6.27103	5323
6.27292	5376
6.27903	5429
6.28092	5481
6.28703	5533
6.28892	5584
6.29503	5635
6.29692	5685
6.30303	5735
6.30492	5785
6.31103	5834
6.31292	5883
6.31903	5931
6.32092	5979
6.32703	6027
6.32892	6074
6.33503	6121
6.33692	6167
6.34303	6213
6.34492	6259
6.35103	6304
6.35292	6349
6.35903	6394
6.36092	6438
6.36703	6482
6.36892	6526
6.37503	6570
6.37692	6613
6.38303	6656
6.38492	6699
6.39103	6741
6.39292	6783
6.39903	6825
6.40092	6867
6.40703	6908
6.40892	6949
RxDrop at 6.41383
6.41503	6990
6.41764	7031
6.42399	1072
RxDrop at 6.43496
6.63268	1340
6.6538	1072
6.66787	1340
6.67584	1554
6.68381	1738
6.69179	1903
6.69882	2053
6.70585	2192
6.71288	2323
6.71477	2446
6.72085	2563
6.72274	2675
6.72883	2782
6.73072	2885
6.7368	2984
6.73869	3080
RxDrop at 6.74169
6.74383	3173
6.75088	1072
6.76494	1340
6.77291	1554
6.78089	1738
6.78886	1903
6.79589	2053
6.80292	2192
6.80995	2323
6.81184	2446
6.81793	2563
6.81981	2675
6.8259	2782
6.82779	2885
6.83388	2984
6.83576	3080
6.84091	3173
6.84279	3263
6.84794	3351
6.84982	3436
6.85171	3519
6.85591	3600
6.8578	3679
6.85969	3757
6.86388	3833
6.86577	3907
6.86766	3980
6.87092	4052
6.8728	4122
6.87469	4191
6.87795	4259
6.87983	4326
6.88172	4392
6.88498	4457
6.88686	4521
6.88875	4584
6.89064	4646
6.89295	4707
6.89484	4768
6.89673	4828
6.89861	4887
6.90092	4945
6.90281	5003
6.9047	5060
6.90659	5116
6.90848	5172
6.91036	5227
6.91225	5281
6.91414	5335
6.91603	5388
6.91792	5441
6.9198	5493
6.92169	5545
6.92358	5596
6.92547	5647
6.92736	5697
6.92924	5747
6.93113	5796
6.93302	5845
6.93491	5894
6.9368	5942
6.93868	5990
6.94057	6037
6.94246	6084
6.94435	6131
6.94624	6177
6.94812	6223
6.95001	6269
6.9519	6314
6.95379	6359
6.95568	6404
6.95756	6448
6.95945	6492
6.96134	6536
6.96323	6579
6.96512	6622
6.967	6665
6.96889	6708
6.97078	6750
6.97267	6792
6.97456	6834
6.97644	6876
6.97833	6917
6.98022	6958
6.98211	6999
6.984	7040
6.98588	7080
6.98777	7120
6.98966	7160
6.99155	7200
6.99344	7239
6.99532	7278
6.99721	7317
6.9991	7356
7.00099	7395
7.00288	7433
7.00476	7471
7.00665	7509
7.00854	7547
7.01043	7585
7.01232	7622
7.0142	7659
7.01609	7696
7.01798	7733
7.01987	7770
7.02176	7806
7.02364	7842
7.02553	7878
7.02742	7914
7.02931	7950
7.0312	7986
7.03308	8021
7.03497	8056
7.03686	8091
7.03875	8126
7.04064	8161
7.04252	8196
7.04441	8231
7.0463	8265
7.04819	8299
7.05008	8333
RxDrop at 7.05077
7.05196	8367
7.05481	8401
7.0567	3084
7.07212	3177
7.07378	3267
7.07997	3354
7.08163	3439
7.08797	3522
7.08963	3603
7.09597	3682
7.09763	3760
7.10397	3836
7.10563	3910
7.11197	3983
7.11363	4055
7.11997	4125
7.12163	4194
7.12797	4262
7.12963	4329
7.13597	4395
7.13763	4460
7.14397	4524
7.14563	4587
7.15197	4649
7.15363	4710
7.15997	4770
7.16163	4830
7.16797	4889
7.16963	4947
7.17597	5005
7.17763	5062
7.18397	5118
7.18563	5174
7.19197	5229
7.19363	5283
7.19997	5337
7.20163	5390
7.20797	5443
7.20963	5495
7.21597	5547
7.21763	5598
7.22397	5649
7.22563	5699
7.23197	5749
7.23363	5798
RxDrop at 7.23783
7.23997	5847
7.24799	1072
7.26205	1340
7.27002	1554
7.278	1738
7.28597	1903
7.293	2053
7.30003	2192
7.30706	2323
7.30895	2446
7.31504	2563
7.31692	2675
7.32301	2782
7.3249	2885
7.33099	2984
7.33287	3080
7.33802	3173
7.3399	3263
7.34505	3351
7.34693	3436
7.34882	3519
7.35302	3600
7.35491	3679
7.3568	3757
7.361	3833
7.36288	3907
7.36477	3980
7.36803	4052
7.36991	4122
7.37178	4191
7.37597	4259
7.37763	4326
7.38397	4392
7.38563	4457
7.39197	4521
7.39363	4584
7.39997	4646
7.40163	4707
7.40797	4768
7.40963	4828
7.41597	4887
7.41763	4945
7.42397	5003
7.42563	5060
7.43197	5116
7.43363	5172
7.43997	5227
7.44163	5281
7.44797	5335
7.44963	5388
7.45597	5441
7.45763	5493
7.46397	5545
7.46563	5596
7.47197	5647
7.47363	5697
7.47997	5747
7.48163	5796
7.48797	5845
7.48963	5894
7.49597	5942
7.49763	5990
7.50397	6037
7.50563	6084
7.51197	6131
7.51363	6177
7.51997	6223
7.52163	6269
7.52797	6314
7.52963	6359
7.53597	6404
7.53763	6448
7.54397	6492
7.54563	6536
7.55197	6579
7.55363	6622
7.55997	6665
7.56163	6708
7.56797	6750
7.56963	6792
7.57597	6834
7.57763	6876
7.58397	6917
7.58563	6958
7.59197	6999
7.59363	7040
7.59997	7080
7.60163	7120
7.60797	7160
7.60963	7200
7.61597	7239
7.61763	7278
7.62397	7317
7.62563	7356
7.63197	7395
7.63363	7433
7.63997	7471
7.64163	7509
7.64797	7547
7.64963	7585
7.65597	7622
7.65763	7659
7.66397	7696
7.66563	7733
7.67197	7770
7.67363	7806
RxDrop at 7.67689
7.68093	7842
7.68704	1072
7.7011	1340
7.70908	1554
7.71705	1738
7.72503	1903
7.73206	2053
7.73909	2192
7.74612	2323
7.74801	2446
7.75409	2563
7.75598	2675
7.76207	2782
7.76396	2885
7.77004	2984
7.77193	3080
7.77707	3173
7.77896	3263
7.7841	3351
7.78599	3436
7.78788	3519
7.79208	3600
7.79396	3679
7.79585	3757
7.80005	3833
7.80194	3907
7.80383	3980
7.80708	4052
7.80897	4122
7.81083	4191
7.81597	4259
7.81763	4326
7.82397	4392
7.82563	4457
7.83197	4521
7.83363	4584
7.83997	4646
7.84163	4707
7.84797	4768
7.84963	4828
7.85597	4887
7.85763	4945
7.86397	5003
7.86563	5060
7.87197	5116
7.87363	5172
7.87997	5227
7.88163	5281
RxDrop at 7.88583
7.88797	5335
7.89599	1072
7.91005	1340
7.91802	1554
7.926	1738
7.93397	1903
7.941	2053
7.94803	2192
7.95506	2323
7.95695	2446
7.96304	2563
7.96492	2675
7.97101	2782
7.9729	2885
7.97899	2984
7.98087	3080
7.98602	3173
7.9879	3263
7.99305	3351
7.99493	3436
7.99682	3519
8.00102	3600
8.00291	3679
8.0048	3757
8.009	3833
8.01088	3907
8.01277	3980
8.01603	4052
8.01791	4122
8.01978	4191
8.02397	4259
8.02563	4326
8.03197	4392
8.03363	4457
8.03997	4521
8.04163	4584
8.04797	4646
8.04963	4707
8.05597	4768
8.05763	4828
8.06397	4887
8.06563	4945
8.07197	5003
8.07363	5060
8.07997	5116
8.08163	5172
8.08797	5227
8.08963	5281
8.09597	5335
8.09763	5388
8.10397	5441
8.10563	5493
8.11197	5545
8.11363	5596
8.11997	5647
8.12163	5697
8.12797	5747
8.12963	5796
8.13597	5845
8.13763	5894
8.14397	5942
8.14563	5990
8.15197	6037
8.15363	6084
8.15997	6131
8.16163	6177
8.16797	6223
8.16963	6269
8.17597	6314
8.17763	6359
8.18397	6404
8.18563	6448
8.19197	6492
8.19363	6536
8.19997	6579
8.20163	6622
8.20797	6665
8.20963	6708
8.21597	6750
8.21763	6792
8.22397	6834
8.22563	6876
8.23197	6917
8.23363	6958
8.23997	6999
8.24163	7040
RxDrop at 8.24489
8.24893	7080
8.25504	1072
8.2691	1340
8.27708	1554
8.28505	1738
8.29303	1903
8.30006	2053
8.30709	2192
8.31412	2323
8.31601	2446
8.32209	2563
8.32398	2675
RxDrop at 8.32792
8.33007	2782
8.33805	1286
RxDrop at 8.342
9.33007	536
9.54413	1072
9.5521	1340
9.56008	1554
9.56805	1738
9.57603	1903
9.58306	2053
9.59009	2192
9.59712	2323
9.599	2446
9.60509	2563
9.60698	2675
9.61307	2782
9.61495	2885
9.62104	2984
9.62293	3080
9.62807	3173
9.62996	3263
9.6351	3351
9.63699	3436
9.63888	3519
9.64308	3600
9.64496	3679
9.64685	3757
9.65105	3833
9.65294	3907
9.65483	3980
9.65808	4052
9.65997	4122
9.66186	4191
9.66511	4259
9.667	4326
9.66889	4392
9.67214	4457
9.67403	4521
9.67592	4584
9.6778	4646
9.68012	4707
9.682	4768
9.68389	4828
9.68578	4887
9.68809	4945
9.68998	5003
9.69187	5060
9.69375	5116
9.69564	5172
9.69753	5227
9.69942	5281
9.70131	5335
9.70319	5388
9.70508	5441
9.70697	5493
9.70886	5545
9.71075	5596
9.71263	5647
9.71452	5697
9.71641	5747
9.7183	5796
9.72019	5845
9.72207	5894
9.72396	5942
RxDrop at 9.72465
9.72585	5990
9.72869	6037
9.73058	2412
9.74516	2531
9.74705	2644
9.75314	2752
9.75503	2856
9.76111	2956
9.763	3053
9.76814	3147
9.77003	3238
9.77517	3326
9.77706	3412
9.77895	3496
9.78315	3578
9.78504	3658
9.78692	3736
9.79112	3812
9.79301	3887
9.7949	3960
9.7991	4032
9.80099	4103
9.80287	4173
9.80613	4241
9.80802	4308
9.8099	4374
9.81316	4439
9.81505	4503
9.81693	4566
9.81882	4628
9.82113	4690
9.82302	4751
9.82491	4811
9.8268	4870
9.82911	4928
9.831	4986
9.83288	5043
9.83477	5099
9.83666	5155
9.83855	5210
9.84044	5265
9.84232	5319
9.84421	5373
9.8461	5426
9.84799	5478
9.84988	5530
9.85176	5581
9.85365	5632
9.85554	5683
9.85743	5733
9.85932	5783
9.8612	5832
9.86309	5881
9.86498	5929
9.86687	5977
9.86875	6025
9.87064	6072
9.87253	6119
9.87442	6165
9.87631	6211
9.87819	6257
9.88008	6302
9.88197	6347
9.88386	6392
9.88575	6436
9.88763	6480
9.88952	6524
9.89141	6568
9.8933	6611
9.89519	6654
9.89707	6697
9.89896	6739
9.90085	6781
9.90274	6823
9.90463	6865
9.90651	6906
9.9084	6947
9.91029	6988
9.91218	7029
9.91407	7069
9.91595	7109
9.91784	7149
9.91973	7189
9.92162	7228
9.92351	7267
9.92539	7306
9.92728	7345
9.92917	7384
9.93106	7422
9.93295	7460
9.93483	7498
9.93672	7536
9.93861	7574
9.9405	7611
9.94239	7648
9.94427	7685
9.94616	7722
9.94805	7759
9.94994	7796
9.95183	7832
9.95371	7868
9.9556	7904
9.95749	7940
9.95938	7976
9.96127	8012
9.96315	8047
9.96504	8082
9.96693	8117
9.96882	8152
9.97071	8187
9.97259	8222
9.97448	8256
9.97637	8290
9.97826	8324
9.98015	8358
9.98203	8392
9.98392	8426
9.98581	8460
9.9877	8493
9.98959	8526
9.99147	8559
9.99336	8592
9.99525	8625
9.99714	8658
9.99903	8691
10.0009	8724
10.0028	8756
10.0047	8788
10.0066	8820
10.0085	8852
10.0104	8884
10.0122	8916
10.0141	8948
10.016	8980
10.0179	9011
10.0198	9042
10.0217	9073
10.0236	9104
10.0255	9135
10.0273	9166
10.0287	9197
10.0306	9228
10.0322	9259
10.0341	9290
10.039	9320
10.0409	9350
10.047	9380
10.0489	9410
10.055	9440
10.0569	9470
10.063	9500
10.0649	9530
10.071	9560
10.0729	9590
10.079	9619
10.0809	9648
10.087	9677
10.0889	9706
10.095	9735
10.0969	9764
10.103	9793
10.1049	9822
10.111	9851
10.1129	9880
10.119	9909
10.1209	9937
10.127	9965
10.1289	9993
10.135	10021
10.1369	10049
10.143	10077
10.1449	10105
10.151	10133
10.1529	10161
10.159	10189
10.1609	10217
10.167	10245
10.1689	10273
10.175	10300
10.1769	10327
10.183	10354
10.1849	10381
10.191	10408
10.1929	10435
10.199	10462
10.2009	10489
RxDrop at 10.2058
10.207	10516
10.2096	10543
10.216	1072
10.23	1340
10.238	1554
10.246	1738
10.254	1903
10.261	2053
10.268	2192
10.2751	2323
10.277	2446
10.283	2563
10.2849	2675
10.291	2782
10.2929	2885
10.299	2984
10.3009	3080
10.306	3173
10.3079	3263
10.313	3351
10.3149	3436
10.3168	3519
10.321	3600
10.3229	3679
10.3248	3757
10.329	3833
10.3309	3907
10.3328	3980
10.336	4052
10.3379	4122
10.3398	4191
10.344	4259
10.3456	4326
10.352	4392
10.3536	4457
10.36	4521
10.3616	4584
10.368	4646
10.3696	4707
10.376	4768
10.3776	4828
10.384	4887
10.3856	4945
10.392	5003
10.3936	5060
10.4	5116
10.4016	5172
10.408	5227
10.4096	5281
10.416	5335
10.4176	5388
10.424	5441
10.4256	5493
10.432	5545
10.4336	5596
10.44	5647
10.4416	5697
10.448	5747
10.4496	5796
10.456	5845
10.4576	5894
10.464	5942
10.4656	5990
10.472	6037
10.4736	6084
10.48	6131
10.4816	6177
10.488	6223
10.4896	6269
10.496	6314
10.4976	6359
10.504	6404
10.5056	6448
10.512	6492
10.5136	6536
10.52	6579
10.5216	6622
10.528	6665
10.5296	6708
10.536	6750
10.5376	6792
10.544	6834
10.5456	6876
10.552	6917
10.5536	6958
10.56	6999
10.5616	7040
10.568	7080
10.5696	7120
10.576	7160
10.5776	7200
10.584	7239
10.5856	7278
10.592	7317
10.5936	7356
10.6	7395
10.6016	7433
10.608	7471
10.6096	7509
10.616	7547
10.6176	7585
10.624	7622
10.6256	7659
10.632	7696
10.6336	7733
10.64	7770
10.6416	7806
10.648	7842
10.6496	7878
10.656	7914
10.6576	7950
10.664	7986
10.6656	8021
10.672	8056
10.6736	8091
10.68	8126
10.6816	8161
10.688	8196
10.6896	8231
10.696	8265
10.6976	8299
10.704	8333
10.7056	8367
10.712	8401
10.7136	8435
10.72	8469
10.7216	8502
10.728	8535
10.7296	8568
10.736	8601
10.7376	8634
10.744	8667
10.7456	8700
10.752	8733
10.7536	8765
10.76	8797
10.7616	8829
10.768	8861
10.7696	8893
10.776	8925
10.7776	8957
10.784	8989
10.7856	9020
10.792	9051
10.7936	9082
10.8	9113
10.8016	9144
10.808	9175
10.8096	9206
10.816	9237
10.8176	9268
10.824	9298
10.8256	9328
10.832	9358
10.8336	9388
10.84	9418
10.8416	9448
10.848	9478
10.8496	9508
10.856	9538
10.8576	9568
10.864	9598
10.8656	9627
10.872	9656
10.8736	9685
10.88	9714
10.8816	9743
10.888	9772
10.8896	9801
10.896	9830
10.8976	9859
10.904	9888
10.9056	9917
10.912	9945
10.9136	9973
10.92	10001
10.9216	10029
10.928	10057
10.9296	10085
10.936	10113
10.9376	10141
10.944	10169
10.9456	10197
10.952	10225
10.9536	10253
10.96	10281
10.9616	10308
10.968	10335
10.9696	10362
10.976	10389
10.9776	10416
10.984	10443
10.9856	10470
10.992	10497
10.9936	10524
11	10551
11.0016	10578
11.008	10605
11.0096	10632
11.016	10659
11.0176	10685
11.024	10711
11.0256	10737
11.032	10763
11.0336	10789
11.04	10815
11.0416	10841
11.048	10867
11.0496	10893
11.056	10919
11.0576	10945
11.064	10971
11.0656	10997
11.072	11023
11.0736	11049
11.08	11075
11.0816	11100
11.088	11125
11.0896	11150
11.096	11175
11.0976	11200
11.104	11225
11.1056	11250
11.112	11275
11.1136	11300
11.12	11325
11.1216	11350
11.128	11375
11.1296	11400
11.136	11425
11.1376	11450
11.144	11475
11.1456	11500
11.152	11524
11.1536	11548
11.16	11572
11.1616	11596
11.168	11620
11.1696	11644
11.176	11668
11.1776	11692
11.184	11716
11.1856	11740
11.192	11764
11.1936	11788
11.2	11812
11.2016	11836
11.208	11860
11.2096	11884
11.216	11908
11.2176	11932
11.224	11956
11.2256	11980
11.232	12003
11.2336	12026
11.24	12049
11.2416	12072
11.248	12095
11.2496	12118
11.256	12141
11.2576	12164
11.264	12187
11.2656	12210
11.272	12233
11.2736	12256
11.28	12279
11.2816	12302
11.288	12325
11.2896	12348
11.296	12371
11.2976	12394
11.304	12417
11.3056	12440
11.312	12463
11.3136	12486
11.32	12509
11.3216	12531
11.328	12553
11.3296	12575
11.336	12597
11.3376	12619
11.344	12641
11.3456	12663
11.352	12685
11.3536	12707
11.36	12729
11.3616	12751
RxDrop at 11.3649
11.3689	12773
11.375	1072
11.3891	1340
11.3971	1554
11.4051	1738
11.413	1903
11.4201	2053
11.4271	2192
11.4341	2323
11.436	2446
11.4421	2563
11.444	2675
11.4501	2782
11.452	2885
11.458	2984
11.4599	3080
11.4651	3173
11.467	3263
11.4721	3351
11.474	3436
11.4759	3519
11.4801	3600
11.482	3679
11.4839	3757
11.4881	3833
11.4899	3907
11.4918	3980
11.4951	4052
11.497	4122
11.4988	4191
RxDrop at 11.5025
11.504	4259
11.511	4326
11.5129	1196
11.5296	1436
11.5376	1636
11.5456	1811
11.5526	1969
11.5596	2114
11.5667	2249
11.5737	2376
11.5756	2496
11.5817	2611
11.5836	2721
11.5896	2826
11.5915	2927
11.5967	3025
11.5986	3119
11.6037	3211
11.6056	3300
11.6107	3387
11.6126	3471
11.6145	3553
11.6187	3633
11.6206	3712
11.6225	3789
11.6267	3864
11.6286	3938
11.631	4010
11.6337	4081
11.639	4151
11.6409	4220
11.647	4288
11.6489	4355
11.655	4420
11.6569	4484
11.663	4548
11.6649	4611
11.671	4673
11.6729	4734
11.679	4794
11.6809	4853
11.687	4912
11.6889	4970
11.695	5027
11.6969	5084
11.703	5140
11.7049	5195
11.711	5250
11.7129	5304
11.719	5358
11.7209	5411
11.727	5464
11.7289	5516
11.735	5568
11.7369	5619
11.743	5670
11.7449	5720
11.751	5770
11.7529	5819
11.759	5868
11.7609	5916
11.767	5964
11.7689	6012
11.775	6059
11.7769	6106
11.783	6153
11.7849	6199
11.791	6245
11.7929	6291
11.799	6336
11.8009	6381
11.807	6426
11.8089	6470
11.815	6514
11.8169	6558
11.823	6601
11.8249	6644
11.831	6687
11.8329	6729
11.839	6771
11.8409	6813
11.847	6855
11.8489	6896
11.855	6937
11.8569	6978
11.863	7019
11.8649	7059
11.871	7099
11.8729	7139
11.879	7179
11.8809	7219
11.887	7258
11.8889	7297
11.895	7336
11.8969	7375
11.903	7413
11.9049	7451
11.911	7489
11.9129	7527
11.919	7565
11.9209	7602
11.927	7639
11.9289	7676
11.935	7713
11.9369	7750
11.943	7787
11.9449	7823
11.951	7859
11.9529	7895
11.959	7931
11.9609	7967
11.967	8003
11.9689	8038
11.975	8073
11.9769	8108
11.983	8143
11.9849	8178
11.991	8213
11.9929	8247
11.999	8281
12.0009	8315
12.007	8349
12.0089	8383
12.015	8417
12.0169	8451
12.023	8484
12.0249	8517
12.031	8550
12.0329	8583
12.039	8616
12.0409	8649
12.047	8682
12.0489	8715
12.055	8747
12.0569	8779
12.063	8811
12.0649	8843
12.071	8875
12.0729	8907
12.079	8939
12.0809	8971
12.087	9003
12.0889	9034
12.095	9065
12.0969	9096
12.103	9127
12.1049	9158
12.111	9189
12.1129	9220
12.119	9251
12.1209	9282
12.127	9312
12.1289	9342
12.135	9372
12.1369	9402
12.143	9432
12.1449	9462
12.151	9492
12.1529	9522
12.159	9552
12.1609	9582
12.167	9611
12.1689	9640
12.175	9669
12.1769	9698
12.183	9727
12.1849	9756
12.191	9785
12.1929	9814
12.199	9843
12.2009	9872
12.207	9901
12.2089	9930
12.215	9958
12.2169	9986
12.223	10014
12.2249	10042
12.231	10070
12.2329	10098
12.239	10126
12.2409	10154
12.247	10182
12.2489	10210
12.255	10238
12.2569	10266
12.263	10293
12.2649	10320
12.271	10347
12.2729	10374
12.279	10401
12.2809	10428
12.287	10455
12.2889	10482
12.295	10509
12.2969	10536
12.303	10563
12.3049	10590
12.311	10617
12.3129	10644
12.319	10670
12.3209	10696
12.327	10722
12.3289	10748
12.335	10774
12.3369	10800
12.343	10826
12.3449	10852
12.351	10878
12.3529	10904
12.359	10930
12.3609	10956
12.367	10982
12.3689	11008
12.375	11034
12.3769	11060
12.383	11085
12.3849	11110
12.391	11135
12.3929	11160
12.399	11185
12.4009	11210
12.407	11235
12.4089	11260
12.415	11285
12.4169	11310
12.423	11335
12.4249	11360
12.431	11385
12.4329	11410
12.439	11435
12.4409	11460
12.447	11485
12.4489	11510
12.455	11534
12.4569	11558
12.463	11582
12.4649	11606
12.471	11630
12.4729	11654
12.479	11678
12.4809	11702
12.487	11726
12.4889	11750
12.495	11774
12.4969	11798
12.503	11822
12.5049	11846
12.511	11870
12.5129	11894
12.519	11918
12.5209	11942
12.527	11966
12.5289	11990
12.535	12013
12.5369	12036
12.543	12059
12.5449	12082
12.551	12105
12.5529	12128
12.559	12151
12.5609	12174
12.567	12197
12.5689	12220
12.575	12243
12.5769	12266
12.583	12289
12.5849	12312
12.591	12335
12.5929	12358
12.599	12381
12.6009	12404
12.607	12427
12.6089	12450
12.615	12473
12.6169	12496
12.623	12518
12.6249	12540
12.631	12562
12.6329	12584
12.639	12606
12.6409	12628
12.647	12650
12.6489	12672
12.655	12694
12.6569	12716
12.663	12738
12.6649	12760
12.671	12782
12.6729	12804
12.679	12826
12.6809	12848
12.687	12870
12.6889	12892
12.695	12914
12.6969	12936
12.703	12958
12.7049	12980
12.711	13002
12.7129	13024
12.719	13046
12.7209	13068
12.727	13089
12.7289	13110
12.735	13131
12.7369	13152
12.743	13173
12.7449	13194
12.751	13215
12.7529	13236
12.759	13257
12.7609	13278
12.767	13299
12.7689	13320
12.775	13341
12.7769	13362
12.783	13383
12.7849	13404
12.791	13425
12.7929	13446
12.799	13467
12.8009	13488
12.807	13509
12.8089	13530
12.815	13551
12.8169	13572
12.823	13593
12.8249	13614
12.831	13635
12.8329	13656
12.839	13677
12.8409	13698
12.847	13718
12.8489	13738
12.855	13758
12.8569	13778
12.863	13798
12.8649	13818
12.871	13838
12.8729	13858
12.879	13878
12.8809	13898
12.887	13918
12.8889	13938
12.895	13958
12.8969	13978
12.903	13998
12.9049	14018
12.911	14038
12.9129	14058
12.919	14078
12.9209	14098
12.927	14118
12.9289	14138
12.935	14158
12.9369	14178
12.943	14198
12.9449	14218
12.951	14238
12.9529	14258
12.959	14278
12.9609	14298
12.967	14318
12.9689	14338
12.975	14358
12.9769	14378
12.983	14397
12.9849	14416
12.991	14435
12.9929	14454
12.999	14473
13.0009	14492
13.007	14511
13.0089	14530
13.015	14549
13.0169	14568
13.023	14587
13.0249	14606
13.031	14625
13.0329	14644
13.039	14663
13.0409	14682
13.047	14701
13.0489	14720
13.055	14739
13.0569	14758
13.063	14777
13.0649	14796
13.071	14815
13.0729	14834
13.079	14853
13.0809	14872
13.087	14891
13.0889	14910
13.095	14929
13.0969	14948
13.103	14967
13.1049	14986
13.111	15005
13.1129	15024
13.119	15043
13.1209	15062
13.127	15081
13.1289	15100
13.135	15119
13.1369	15138
13.143	15156
13.1449	15174
13.151	15192
13.1529	15210
13.159	15228
13.1609	15246
13.167	15264
13.1689	15282
13.175	15300
13.1769	15318
13.183	15336
13.1849	15354
13.191	15372
13.1929	15390
13.199	15408
13.2009	15426
13.207	15444
13.2089	15462
RxDrop at 13.2119
13.2176	1072
13.2336	1340
13.2416	1554
13.2496	1738
13.2575	1903
13.2646	2053
13.2716	2192
13.2786	2323
13.2805	2446
13.2866	2563
13.2885	2675
13.2946	2782
13.2965	2885
13.3026	2984
13.3044	3080
13.3096	3173
13.3115	3263
13.3166	3351
13.3185	3436
13.3204	3519
13.3246	3600
13.3265	3679
13.3284	3757
13.3326	3833
13.3345	3907
13.3359	3980
13.3396	4052
13.343	4122
13.3449	4191
13.351	4259
13.3529	4326
13.359	4392
13.3609	4457
13.367	4521
13.3689	4584
13.375	4646
13.3769	4707
13.383	4768
13.3849	4828
13.391	4887
13.3929	4945
13.399	5003
13.4009	5060
13.407	5116
13.4089	5172
13.415	5227
13.4169	5281
13.423	5335
13.4249	5388
13.431	5441
13.4329	5493
13.439	5545
13.4409	5596
13.447	5647
13.4489	5697
13.455	5747
13.4569	5796
13.463	5845
13.4649	5894
13.471	5942
13.4729	5990
13.479	6037
13.4809	6084
13.487	6131
13.4889	6177
13.495	6223
13.4969	6269
13.503	6314
13.5049	6359
13.511	6404
13.5129	6448
13.519	6492
13.5209	6536
13.527	6579
13.5289	6622
13.535	6665
13.5369	6708
13.543	6750
13.5449	6792
13.551	6834
13.5529	6876
13.559	6917
13.5609	6958
13.567	6999
13.5689	7040
13.575	7080
13.5769	7120
13.583	7160
13.5849	7200
13.591	7239
13.5929	7278
13.599	7317
13.6009	7356
13.607	7395
13.6089	7433
13.615	7471
13.6169	7509
13.623	7547
13.6249	7585
13.631	7622
13.6329	7659
RxDrop at 13.6385
13.639	7696
13.6409	7733
13.6489	1196
13.6656	1436
13.6736	1636
13.6816	1811
13.6886	1969
13.6956	2114
13.7027	2249
13.7097	2376
13.7116	2496
13.7177	2611
13.7196	2721
13.7256	2826
13.7275	2927
13.7327	3025
13.7346	3119
13.7397	3211
13.7416	3300
13.7467	3387
13.7486	3471
13.7505	3553
13.7547	3633
13.7566	3712
13.7585	3789
13.7627	3864
13.7646	3938
13.767	4010
13.7697	4081
13.775	4151
13.7769	4220
13.783	4288
13.7849	4355
13.791	4420
13.7929	4484
13.799	4548
13.8009	4611
13.807	4673
13.8089	4734
13.815	4794
13.8169	4853
13.823	4912
13.8249	4970
13.831	5027
13.8329	5084
13.839	5140
13.8409	5195
13.847	5250
13.8489	5304
13.855	5358
13.8569	5411
13.863	5464
13.8649	5516
13.871	5568
13.8729	5619
13.879	5670
13.8809	5720
13.887	5770
13.8889	5819
13.895	5868
13.8969	5916
13.903	5964
13.9049	6012
13.911	6059
13.9129	6106
13.919	6153
13.9209	6199
13.927	6245
13.9289	6291
13.935	6336
13.9369	6381
13.943	6426
13.9449	6470
13.951	6514
13.9529	6558
13.959	6601
13.9609	6644
13.967	6687
13.9689	6729
13.975	6771
13.9769	6813
13.983	6855
13.9849	6896
13.991	6937
13.9929	6978
13.999	7019
14.0009	7059
14.007	7099
14.0089	7139
14.015	7179
14.0169	7219
14.023	7258
14.0249	7297
14.031	7336
14.0329	7375
14.039	7413
14.0409	7451
14.047	7489
14.0489	7527
14.055	7565
14.0569	7602
14.063	7639
14.0649	7676
14.071	7713
14.0729	7750
14.079	7787
14.0809	7823
14.087	7859
14.0889	7895
14.095	7931
14.0969	7967
14.103	8003
14.1049	8038
14.111	8073
14.1129	8108
14.119	8143
14.1209	8178
14.127	8213
14.1289	8247
14.135	8281
14.1369	8315
14.143	8349
14.1449	8383
14.151	8417
14.1529	8451
14.159	8484
14.1609	8517
14.167	8550
14.1689	8583
14.175	8616
14.1769	8649
14.183	8682
14.1849	8715
14.191	8747
14.1929	8779
14.199	8811
14.2009	8843
14.207	8875
14.2089	8907
RxDrop at 14.2119
14.216	8939
14.2176	1072
14.2336	1340
14.2416	1554
14.2496	1738
14.2575	1903
14.2646	2053
14.2716	2192
14.2786	2323
14.2805	2446
14.2866	2563
14.2885	2675
14.2946	2782
14.2965	2885
14.3026	2984
14.3044	3080
14.3096	3173
14.3115	3263
14.3166	3351
14.3185	3436
14.3204	3519
14.3246	3600
14.3265	3679
14.3284	3757
14.3326	3833
14.3345	3907
14.3359	3980
14.3396	4052
14.343	4122
14.3449	4191
14.351	4259
14.3529	4326
14.359	4392
14.3609	4457
14.367	4521
14.3689	4584
14.375	4646
14.3769	4707
14.383	4768
14.3849	4828
14.391	4887
14.3929	4945
14.399	5003
14.4009	5060
14.407	5116
14.4089	5172
14.415	5227
14.4169	5281
14.423	5335
14.4249	5388
14.431	5441
14.4329	5493
14.439	5545
14.4409	5596
14.447	5647
14.4489	5697
14.455	5747
14.4569	5796
14.463	5845
14.4649	5894
14.471	5942
14.4729	5990
14.479	6037
14.4809	6084
14.487	6131
14.4889	6177
14.495	6223
14.4969	6269
14.503	6314
14.5049	6359
14.511	6404
14.5129	6448
14.519	6492
14.5209	6536
14.527	6579
14.5289	6622
14.535	6665
14.5369	6708
14.543	6750
14.5449	6792
14.551	6834
14.5529	6876
14.559	6917
14.5609	6958
14.567	6999
14.5689	7040
14.575	7080
14.5769	7120
14.583	7160
14.5849	7200
14.591	7239
14.5929	7278
14.599	7317
14.6009	7356
14.607	7395
14.6089	7433
14.615	7471
14.6169	7509
14.623	7547
14.6249	7585
14.631	7622
14.6329	7659
14.639	7696
14.6409	7733
14.647	7770
14.6489	7806
14.655	7842
14.6569	7878
14.663	7914
14.6649	7950
14.671	7986
14.6729	8021
14.679	8056
14.6809	8091
14.687	8126
14.6889	8161
14.695	8196
14.6969	8231
14.703	8265
14.7049	8299
14.711	8333
14.7129	8367
14.719	8401
14.7209	8435
14.727	8469
14.7289	8502
14.735	8535
14.7369	8568
14.743	8601
14.7449	8634
14.751	8667
14.7529	8700
14.759	8733
14.7609	8765
14.767	8797
14.7689	8829
14.775	8861
14.7769	8893
14.783	8925
14.7849	8957
14.791	8989
14.7929	9020
14.799	9051
14.8009	9082
14.807	9113
14.8089	9144
14.815	9175
14.8169	9206
14.823	9237
14.8249	9268
14.831	9298
14.8329	9328
14.839	9358
14.8409	9388
14.847	9418
14.8489	9448
14.855	9478
14.8569	9508
14.863	9538
14.8649	9568
14.871	9598
14.8729	9627
14.879	9656
14.8809	9685
14.887	9714
14.8889	9743
14.895	9772
14.8969	9801
14.903	9830
14.9049	9859
RxDrop at 14.9089
14.911	9888
14.919	1072
14.9331	1340
14.9411	1554
14.9491	1738
14.957	1903
14.9641	2053
14.9711	2192
14.9781	2323
14.98	2446
14.9861	2563
14.988	2675
14.9941	2782
14.996	2885
15.002	2984
15.0039	3080
15.0091	3173
15.011	3263
15.0161	3351
RxDrop at 15.0168
15.018	3436
15.0231	3519
15.025	1072
15.0401	1340
15.048	1554
15.056	1738
15.064	1903
15.071	2053
15.078	2192
15.0851	2323
15.087	2446
15.093	2563
15.0949	2675
15.101	2782
15.1029	2885
15.109	2984
15.1109	3080
15.116	3173
15.1179	3263
15.123	3351
15.1249	3436
15.1268	3519
15.131	3600
15.1329	3679
15.1348	3757
15.139	3833
15.1409	3907
15.1428	3980
15.146	4052
15.1479	4122
15.1498	4191
15.1531	4259
15.1549	4326
15.1568	4392
15.158	4457
15.161	4521
15.1627	4584
15.168	4646
15.1696	4707
15.176	4768
15.1776	4828
15.184	4887
15.1856	4945
15.192	5003
15.1936	5060
15.2	5116
15.2016	5172
15.208	5227
15.2096	5281
15.216	5335
15.2176	5388
15.224	5441
15.2256	5493
15.232	5545
15.2336	5596
15.24	5647
15.2416	5697
15.248	5747
15.2496	5796
15.256	5845
15.2576	5894
15.264	5942
15.2656	5990
RxDrop at 15.2689
15.2729	6037
15.279	1072
15.2931	1340
15.3011	1554
15.3091	1738
15.317	1903
15.3241	2053
RxDrop at 15.3289
15.3311	2192
15.34	1072
15.3541	1340
15.3621	1554
15.37	1738
15.378	1903
15.385	2053
15.3921	2192
15.3991	2323
15.401	2446
15.4071	2563
15.409	2675
15.4151	2782
15.4169	2885
15.423	2984
15.4249	3080
15.4301	3173
15.4319	3263
15.4371	3351
15.439	3436
15.4409	3519
15.4451	3600
15.447	3679
15.4488	3757
15.453	3833
15.4549	3907
15.4568	3980
15.4601	4052
15.462	4122
15.4638	4191
RxDrop at 15.4668
15.4671	4259
15.469	4326
15.4741	1608
15.4868	1786
15.4939	1946
15.5009	2093
15.5079	2230
15.515	2358
15.5168	2479
15.5229	2594
15.5248	2704
15.5309	2810
15.5328	2912
RxDrop at 15.5349
15.5389	3010
15.5408	1286
15.5558	1509
15.5638	1699
15.5718	1868
15.5788	2021
15.5858	2163
15.5928	2295
15.5947	2420
15.6008	2538
15.6027	2651
15.6088	2759
15.6107	2863
15.6168	2963
15.6187	3059
15.6238	3152
15.6257	3243
15.6308	3331
15.6327	3417
15.6346	3501
15.6388	3583
15.6407	3663
15.6426	3741
15.6468	3817
15.6487	3892
15.6506	3965
15.6547	4037
15.6566	4108
15.6585	4177
15.6618	4245
15.6637	4312
15.6656	4378
15.6688	4443
15.6699	4507
15.672	4570
15.6736	4632
15.68	4694
15.6816	4755
15.688	4815
15.6896	4874
15.696	4932
15.6976	4990
15.704	5047
15.7056	5103
15.712	5159
15.7136	5214
15.72	5269
15.7216	5323
15.728	5376
15.7296	5429
15.736	5481
15.7376	5533
15.744	5584
15.7456	5635
15.752	5685
15.7536	5735
15.76	5785
15.7616	5834
15.768	5883
15.7696	5931
15.776	5979
15.7776	6027
15.784	6074
15.7856	6121
15.792	6167
15.7936	6213
15.8	6259
15.8016	6304
15.808	6349
15.8096	6394
15.816	6438
15.8176	6482
15.824	6526
15.8256	6570
15.832	6613
15.8336	6656
15.84	6699
15.8416	6741
15.848	6783
15.8496	6825
15.856	6867
15.8576	6908
15.864	6949
15.8656	6990
15.872	7031
15.8736	7071
15.88	7111
15.8816	7151
15.888	7191
15.8896	7230
15.896	7269
15.8976	7308
15.904	7347
15.9056	7386
15.912	7424
15.9136	7462
15.92	7500
15.9216	7538
15.928	7576
15.9296	7613
15.936	7650
15.9376	7687
15.944	7724
15.9456	7761
15.952	7798
15.9536	7834
15.96	7870
15.9616	7906
15.968	7942
15.9696	7978
15.976	8014
15.9776	8049
15.984	8084
15.9856	8119
15.992	8154
15.9936	8189
16	8224
16.0016	8258
16.008	8292
16.0096	8326
16.016	8360
16.0176	8394
16.024	8428
16.0256	8462
16.032	8495
16.0336	8528
16.04	8561
16.0416	8594
16.048	8627
16.0496	8660
16.056	8693
16.0576	8726
16.064	8758
16.0656	8790
16.072	8822
16.0736	8854
16.08	8886
16.0816	8918
16.088	8950
16.0896	8982
16.096	9013
16.0976	9044
16.104	9075
16.1056	9106
16.112	9137
16.1136	9168
16.12	9199
16.1216	9230
16.128	9261
16.1296	9292
16.136	9322
16.1376	9352
16.144	9382
16.1456	9412
16.152	9442
16.1536	9472
16.16	9502
16.1616	9532
16.168	9562
16.1696	9592
16.176	9621
16.1776	9650
16.184	9679
16.1856	9708
16.192	9737
16.1936	9766
16.2	9795
16.2016	9824
16.208	9853
16.2096	9882
16.216	9911
16.2176	9939
16.224	9967
16.2256	9995
16.232	10023
16.2336	10051
16.24	10079
16.2416	10107
16.248	10135
16.2496	10163
RxDrop at 16.2538
16.256	10191
16.264	1072
16.278	1340
16.286	1554
16.294	1738
16.302	1903
16.309	2053
16.316	2192
16.3231	2323
16.325	2446
16.331	2563
16.3329	2675
16.339	2782
16.3409	2885
16.347	2984
16.3489	3080
16.354	3173
16.3559	3263
16.361	3351
16.3629	3436
16.3648	3519
16.369	3600
16.3709	3679
16.3728	3757
16.377	3833
16.3789	3907
16.3808	3980
16.384	4052
16.3859	4122
16.3878	4191
16.392	4259
16.3936	4326
16.4	4392
16.4016	4457
16.408	4521
16.4096	4584
16.416	4646
16.4176	4707
16.424	4768
16.4256	4828
16.432	4887
16.4336	4945
16.44	5003
16.4416	5060
16.448	5116
16.4496	5172
16.456	5227
16.4576	5281
16.464	5335
16.4656	5388
16.472	5441
16.4736	5493
16.48	5545
16.4816	5596
16.488	5647
16.4896	5697
RxDrop at 16.4938
16.496	5747
16.504	1072
16.518	1340
16.526	1554
16.534	1738
16.542	1903
16.549	2053
16.556	2192
16.5631	2323
16.565	2446
16.571	2563
16.5729	2675
16.579	2782
16.5809	2885
16.587	2984
16.5889	3080
16.594	3173
16.5959	3263
16.601	3351
16.6029	3436
16.6048	3519
16.609	3600
16.6109	3679
16.6128	3757
16.617	3833
16.6189	3907
16.6208	3980
16.624	4052
16.6259	4122
16.6278	4191
16.632	4259
16.6336	4326
16.64	4392
16.6416	4457
16.648	4521
16.6496	4584
16.656	4646
16.6576	4707
16.664	4768
16.6656	4828
16.672	4887
16.6736	4945
16.68	5003
16.6816	5060
16.688	5116
16.6896	5172
16.696	5227
16.6976	5281
16.704	5335
16.7056	5388
16.712	5441
16.7136	5493
16.72	5545
16.7216	5596
16.728	5647
16.7296	5697
16.736	5747
16.7376	5796
16.744	5845
16.7456	5894
16.752	5942
16.7536	5990
16.76	6037
16.7616	6084
16.768	6131
16.7696	6177
16.776	6223
16.7776	6269
16.784	6314
16.7856	6359
16.792	6404
16.7936	6448
16.8	6492
16.8016	6536
16.808	6579
16.8096	6622
16.816	6665
16.8176	6708
16.824	6750
16.8256	6792
16.832	6834
16.8336	6876
16.84	6917
16.8416	6958
16.848	6999
16.8496	7040
16.856	7080
16.8576	7120
16.864	7160
16.8656	7200
16.872	7239
16.8736	7278
16.88	7317
16.8816	7356
16.888	7395
16.8896	7433
16.896	7471
16.8976	7509
16.904	7547
16.9056	7585
16.912	7622
16.9136	7659
16.92	7696
16.9216	7733
16.928	7770
16.9296	7806
16.936	7842
16.9376	7878
16.944	7914
16.9456	7950
16.952	7986
16.9536	8021
16.96	8056
16.9616	8091
16.968	8126
16.9696	8161
16.976	8196
16.9776	8231
16.984	8265
16.9856	8299
16.992	8333
16.9936	8367
17	8401
17.0016	8435
17.008	8469
17.0096	8502
17.016	8535
17.0176	8568
17.024	8601
17.0256	8634
17.032	8667
17.0336	8700
17.04	8733
17.0416	8765
17.048	8797
17.0496	8829
17.056	8861
17.0576	8893
17.064	8925
17.0656	8957
17.072	8989
17.0736	9020
17.08	9051
17.0816	9082
17.088	9113
17.0896	9144
17.096	9175
17.0976	9206
17.104	9237
17.1056	9268
17.112	9298
17.1136	9328
17.12	9358
17.1216	9388
17.128	9418
17.1296	9448
17.136	9478
17.1376	9508
17.144	9538
17.1456	9568
17.152	9598
17.1536	9627
17.16	9656
17.1616	9685
17.168	9714
17.1696	9743
17.176	9772
17.1776	9801
17.184	9830
17.1856	9859
17.192	9888
17.1936	9917
17.2	9945
17.2016	9973
17.208	10001
17.2096	10029
17.216	10057
17.2176	10085
RxDrop at 17.2209
17.2249	10113
17.231	1072
17.2451	1340
17.2531	1554
17.2611	1738
17.269	1903
17.2761	2053
17.2831	2192
17.2901	2323
17.292	2446
17.2981	2563
17.3	2675
17.3061	2782
17.308	2885
17.314	2984
17.3159	3080
17.3211	3173
17.323	3263
17.3281	3351
17.33	3436
17.3319	3519
17.3361	3600
17.338	3679
17.3399	3757
17.3441	3833
17.3459	3907
17.3478	3980
17.3511	4052
17.353	4122
17.3548	4191
17.36	4259
17.3616	4326
17.368	4392
17.3696	4457
17.376	4521
17.3776	4584
17.384	4646
17.3856	4707
RxDrop at 17.3889
17.3929	4768
17.399	1072
17.4131	1340
17.4211	1554
17.4291	1738
17.437	1903
17.4441	2053
17.4511	2192
17.4581	2323
17.46	2446
17.4661	2563
17.468	2675
17.4741	2782
17.476	2885
17.482	2984
17.4839	3080
17.4891	3173
17.491	3263
17.4961	3351
17.498	3436
17.4999	3519
17.5041	3600
17.506	3679
17.5079	3757
RxDrop at 17.509
17.513	3833
17.5149	1340
17.5299	1554
17.5379	1738
17.5459	1903
17.5529	2053
17.5599	2192
17.567	2323
17.5688	2446
17.5749	2563
17.5768	2675
17.5829	2782
17.5848	2885
17.5909	2984
17.5928	3080
17.5979	3173
17.5998	3263
17.6049	3351
17.6068	3436
17.6087	3519
17.6129	3600
17.6148	3679
17.6167	3757
17.6209	3833
17.6228	3907
17.6244	3980
17.6279	4052
17.631	4122
17.6329	4191
17.639	4259
17.6409	4326
17.647	4392
17.6489	4457
17.655	4521
17.6569	4584
17.663	4646
17.6649	4707
17.671	4768
17.6729	4828
17.679	4887
17.6809	4945
RxDrop at 17.6858
17.687	5003
17.6896	5060
17.696	1072
17.71	1340
17.718	1554
17.726	1738
17.734	1903
17.741	2053
17.748	2192
17.7551	2323
17.757	2446
17.763	2563
17.7649	2675
17.771	2782
17.7729	2885
17.779	2984
17.7809	3080
17.786	3173
17.7879	3263
17.793	3351
17.7949	3436
17.7968	3519
17.801	3600
17.8029	3679
17.8048	3757
17.809	3833
17.8109	3907
17.8128	3980
17.816	4052
17.8179	4122
17.8198	4191
17.824	4259
17.8256	4326
17.832	4392
17.8336	4457
17.84	4521
17.8416	4584
17.848	4646
17.8496	4707
17.856	4768
17.8576	4828
17.864	4887
17.8656	4945
17.872	5003
17.8736	5060
17.88	5116
17.8816	5172
17.888	5227
17.8896	5281
17.896	5335
17.8976	5388
17.904	5441
17.9056	5493
17.912	5545
17.9136	5596
17.92	5647
17.9216	5697
17.928	5747
17.9296	5796
17.936	5845
17.9376	5894
17.944	5942
17.9456	5990
17.952	6037
17.9536	6084
17.96	6131
17.9616	6177
17.968	6223
17.9696	6269
17.976	6314
17.9776	6359
17.984	6404
17.9856	6448
17.992	6492
17.9936	6536
18	6579
18.0016	6622
18.008	6665
18.0096	6708
18.016	6750
18.0176	6792
18.024	6834
18.0256	6876
18.032	6917
18.0336	6958
18.04	6999
18.0416	7040
18.048	7080
18.0496	7120
18.056	7160
18.0576	7200
18.064	7239
18.0656	7278
18.072	7317
18.0736	7356
18.08	7395
18.0816	7433
18.088	7471
18.0896	7509
18.096	7547
18.0976	7585
18.104	7622
18.1056	7659
18.112	7696
18.1136	7733
18.12	7770
18.1216	7806
18.128	7842
18.1296	7878
18.136	7914
18.1376	7950
18.144	7986
18.1456	8021
18.152	8056
18.1536	8091
18.16	8126
18.1616	8161
18.168	8196
18.1696	8231
18.176	8265
18.1776	8299
18.184	8333
18.1856	8367
18.192	8401
18.1936	8435
18.2	8469
18.2016	8502
18.208	8535
18.2096	8568
18.216	8601
18.2176	8634
18.224	8667
18.2256	8700
18.232	8733
18.2336	8765
18.24	8797
18.2416	8829
18.248	8861
18.2496	8893
18.256	8925
18.2576	8957
18.264	8989
18.2656	9020
18.272	9051
18.2736	9082
18.28	9113
18.2816	9144
18.288	9175
18.2896	9206
18.296	9237
18.2976	9268
18.304	9298
18.3056	9328
18.312	9358
18.3136	9388
18.32	9418
18.3216	9448
18.328	9478
18.3296	9508
18.336	9538
18.3376	9568
18.344	9598
18.3456	9627
18.352	9656
18.3536	9685
18.36	9714
18.3616	9743
18.368	9772
18.3696	9801
18.376	9830
18.3776	9859
18.384	9888
18.3856	9917
18.392	9945
18.3936	9973
18.4	10001
18.4016	10029
18.408	10057
18.4096	10085
18.416	10113
18.4176	10141
18.424	10169
18.4256	10197
18.432	10225
18.4336	10253
18.44	10281
18.4416	10308
18.448	10335
18.4496	10362
18.456	10389
18.4576	10416
18.464	10443
18.4656	10470
18.472	10497
18.4736	10524
18.48	10551
18.4816	10578
18.488	10605
18.4896	10632
18.496	10659
18.4976	10685
RxDrop at 18.5025
18.504	10711
18.511	10737
18.5129	1196
18.5296	1436
18.5376	1636
18.5456	1811
18.5526	1969
18.5596	2114
18.5667	2249
18.5737	2376
18.5756	2496
18.5817	2611
18.5836	2721
18.5896	2826
18.5915	2927
18.5967	3025
18.5986	3119
18.6037	3211
18.6056	3300
18.6107	3387
18.6126	3471
18.6145	3553
18.6187	3633
18.6206	3712
18.6225	3789
18.6267	3864
18.6286	3938
18.631	4010
18.6337	4081
18.639	4151
18.6409	4220
18.647	4288
18.6489	4355
18.655	4420
18.6569	4484
18.663	4548
18.6649	4611
18.671	4673
18.6729	4734
18.679	4794
18.6809	4853
18.687	4912
18.6889	4970
18.695	5027
18.6969	5084
18.703	5140
18.7049	5195
18.711	5250
18.7129	5304
18.719	5358
18.7209	5411
18.727	5464
18.7289	5516
18.735	5568
18.7369	5619
18.743	5670
18.7449	5720
18.751	5770
18.7529	5819
18.759	5868
18.7609	5916
18.767	5964
18.7689	6012
18.775	6059
18.7769	6106
18.783	6153
18.7849	6199
18.791	6245
18.7929	6291
18.799	6336
18.8009	6381
18.807	6426
18.8089	6470
18.815	6514
18.8169	6558
18.823	6601
18.8249	6644
18.831	6687
18.8329	6729
18.839	6771
18.8409	6813
18.847	6855
18.8489	6896
18.855	6937
18.8569	6978
18.863	7019
18.8649	7059
18.871	7099
18.8729	7139
18.879	7179
18.8809	7219
18.887	7258
18.8889	7297
18.895	7336
18.8969	7375
18.903	7413
18.9049	7451
18.911	7489
18.9129	7527
18.919	7565
18.9209	7602
18.927	7639
18.9289	7676
RxDrop at 18.9319
18.9376	1072
18.9536	1340
18.9616	1554
18.9696	1738
18.9775	1903
18.9846	2053
18.9916	2192
18.9986	2323
19.0005	2446
19.0066	2563
19.0085	2675
19.0146	2782
19.0165	2885
19.0226	2984
19.0244	3080
19.0296	3173
19.0315	3263
19.0366	3351
19.0385	3436
19.0404	3519
19.0446	3600
19.0465	3679
19.0484	3757
19.0526	3833
19.0545	3907
19.0559	3980
19.0596	4052
19.063	4122
19.0649	4191
19.071	4259
19.0729	4326
19.079	4392
19.0809	4457
19.087	4521
19.0889	4584
19.095	4646
19.0969	4707
19.103	4768
19.1049	4828
19.111	4887
19.1129	4945
19.119	5003
19.1209	5060
19.127	5116
19.1289	5172
19.135	5227
19.1369	5281
19.143	5335
19.1449	5388
19.151	5441
19.1529	5493
19.159	5545
19.1609	5596
19.167	5647
19.1689	5697
19.175	5747
19.1769	5796
19.183	5845
19.1849	5894
19.191	5942
19.1929	5990
19.199	6037
19.2009	6084
19.207	6131
19.2089	6177
19.215	6223
19.2169	6269
19.223	6314
19.2249	6359
19.231	6404
19.2329	6448
19.239	6492
19.2409	6536
19.247	6579
19.2489	6622
19.255	6665
19.2569	6708
19.263	6750
19.2649	6792
19.271	6834
19.2729	6876
19.279	6917
19.2809	6958
19.287	6999
19.2889	7040
19.295	7080
19.2969	7120
19.303	7160
19.3049	7200
19.311	7239
19.3129	7278
19.319	7317
19.3209	7356
19.327	7395
19.3289	7433
19.335	7471
19.3369	7509
19.343	7547
19.3449	7585
19.351	7622
19.3529	7659
19.359	7696
19.3609	7733
19.367	7770
19.3689	7806
19.375	7842
19.3769	7878
19.383	7914
19.3849	7950
19.391	7986
19.3929	8021
19.399	8056
19.4009	8091
19.407	8126
19.4089	8161
19.415	8196
19.4169	8231
19.423	8265
19.4249	8299
19.431	8333
19.4329	8367
19.439	8401
19.4409	8435
19.447	8469
19.4489	8502
19.455	8535
19.4569	8568
19.463	8601
19.4649	8634
19.471	8667
19.4729	8700
19.479	8733
19.4809	8765
19.487	8797
19.4889	8829
19.495	8861
19.4969	8893
19.503	8925
19.5049	8957
19.511	8989
19.5129	9020
19.519	9051
19.5209	9082
19.527	9113
19.5289	9144
19.535	9175
19.5369	9206
19.543	9237
19.5449	9268
19.551	9298
19.5529	9328
19.559	9358
19.5609	9388
19.567	9418
19.5689	9448
19.575	9478
19.5769	9508
19.583	9538
19.5849	9568
19.591	9598
19.5929	9627
19.599	9656
19.6009	9685
19.607	9714
19.6089	9743
19.615	9772
19.6169	9801
19.623	9830
19.6249	9859
19.631	9888
19.6329	9917
19.639	9945
19.6409	9973
19.647	10001
19.6489	10029
19.655	10057
19.6569	10085
19.663	10113
19.6649	10141
19.671	10169
19.6729	10197
19.679	10225
19.6809	10253
19.687	10281
19.6889	10308
19.695	10335
19.6969	10362
19.703	10389
19.7049	10416
19.711	10443
19.7129	10470
19.719	10497
19.7209	10524
19.727	10551
19.7289	10578
19.735	10605
19.7369	10632
19.743	10659
19.7449	10685
19.751	10711
19.7529	10737
RxDrop at 19.7559
19.76	10763
19.7616	1072
19.7776	1340
19.7856	1554
19.7936	1738
19.8015	1903
19.8086	2053
19.8156	2192
19.8226	2323
19.8245	2446
19.8306	2563
19.8325	2675
19.8386	2782
19.8405	2885
19.8466	2984
19.8484	3080
19.8536	3173
19.8555	3263
19.8606	3351
19.8625	3436
19.8644	3519
RxDrop at 19.8664
19.8686	3600
19.8724	1208
19.887	1445
19.895	1643
RxDrop at 19.8998
19.9039	1817
19.9119	1072
19.9259	1340
19.9339	1554
19.9419	1738
19.9499	1903
19.9569	2053
19.9639	2192
19.971	2323
19.9728	2446
19.9789	2563
19.9808	2675
19.9869	2782
19.9888	2885
19.9949	2984
19.9968	3080
20.0019	3173
20.0038	3263
20.0089	3351
20.0108	3436
20.0127	3519
20.0169	3600
20.0188	3679
20.0207	3757
20.0249	3833
20.0268	3907
20.0287	3980
20.0319	4052
20.0338	4122
20.0357	4191
20.039	4259
20.0408	4326
20.0427	4392
20.046	4457
20.0479	4521
20.0498	4584
20.0516	4646
20.054	4707
20.0551	4768
20.057	4828
20.063	4887
20.0649	4945
20.071	5003
20.0729	5060
20.079	5116
20.0809	5172
20.087	5227
20.0889	5281
20.095	5335
20.0969	5388
20.103	5441
20.1049	5493
20.111	5545
20.1129	5596
20.119	5647
20.1209	5697
20.127	5747
20.1289	5796
20.135	5845
20.1369	5894
20.143	5942
20.1449	5990
20.151	6037
20.1529	6084
20.159	6131
20.1609	6177
20.167	6223
20.1689	6269
20.175	6314
20.1769	6359
20.183	6404
20.1849	6448
20.191	6492
20.1929	6536
20.199	6579
20.2009	6622
20.207	6665
20.2089	6708
20.215	6750
20.2169	6792
20.223	6834
20.2249	6876
20.231	6917
20.2329	6958
20.239	6999
20.2409	7040
20.247	7080
20.2489	7120
20.255	7160
20.2569	7200
20.263	7239
20.2649	7278
20.271	7317
20.2729	7356
20.279	7395
20.2809	7433
20.287	7471
20.2889	7509
20.295	7547
20.2969	7585
20.303	7622
20.3049	7659
20.311	7696
20.3129	7733
20.319	7770
20.3209	7806
20.327	7842
20.3289	7878
20.335	7914
20.3369	7950
20.343	7986
20.3449	8021
20.351	8056
20.3529	8091
20.359	8126
20.3609	8161
20.367	8196
20.3689	8231
20.375	8265
20.3769	8299
20.383	8333
20.3849	8367
20.391	8401
20.3929	8435
20.399	8469
20.4009	8502
20.407	8535
20.4089	8568
20.415	8601
20.4169	8634
20.423	8667
20.4249	8700
20.431	8733
20.4329	8765
20.439	8797
20.4409	8829
20.447	8861
20.4489	8893
20.455	8925
20.4569	8957
20.463	8989
20.4649	9020
20.471	9051
20.4729	9082
20.479	9113
20.4809	9144
20.487	9175
20.4889	9206
20.495	9237
20.4969	9268
20.503	9298
20.5049	9328
20.511	9358
20.5129	9388
20.519	9418
20.5209	9448
20.527	9478
20.5289	9508
20.535	9538
20.5369	9568
20.543	9598
20.5449	9627
20.551	9656
20.5529	9685
20.559	9714
20.5609	9743
20.567	9772
20.5689	9801
20.575	9830
20.5769	9859
20.583	9888
20.5849	9917
20.591	9945
20.5929	9973
20.599	10001
20.6009	10029
20.607	10057
20.6089	10085
20.615	10113
20.6169	10141
20.623	10169
20.6249	10197
20.631	10225
20.6329	10253
20.639	10281
20.6409	10308
20.647	10335
20.6489	10362
20.655	10389
20.6569	10416
20.663	10443
20.6649	10470
20.671	10497
20.6729	10524
20.679	10551
20.6809	10578
20.687	10605
20.6889	10632
20.695	10659
20.6969	10685
20.703	10711
20.7049	10737
20.711	10763
20.7129	10789
20.719	10815
20.7209	10841
20.727	10867
20.7289	10893
20.735	10919
20.7369	10945
20.743	10971
20.7449	10997
20.751	11023
20.7529	11049
20.759	11075
20.7609	11100
20.767	11125
20.7689	11150
20.775	11175
20.7769	11200
20.783	11225
20.7849	11250
20.791	11275
20.7929	11300
20.799	11325
20.8009	11350
20.807	11375
20.8089	11400
20.815	11425
20.8169	11450
20.823	11475
20.8249	11500
20.831	11524
20.8329	11548
20.839	11572
20.8409	11596
20.847	11620
20.8489	11644
20.855	11668
20.8569	11692
20.863	11716
20.8649	11740
20.871	11764
20.8729	11788
20.879	11812
20.8809	11836
20.887	11860
20.8889	11884
20.895	11908
20.8969	11932
20.903	11956
20.9049	11980
20.911	12003
20.9129	12026
20.919	12049
20.9209	12072
20.927	12095
20.9289	12118
20.935	12141
20.9369	12164
20.943	12187
20.9449	12210
20.951	12233
20.9529	12256
20.959	12279
20.9609	12302
20.967	12325
20.9689	12348
20.975	12371
20.9769	12394
20.983	12417
20.9849	12440
20.991	12463
20.9929	12486
20.999	12509
21.0009	12531
21.007	12553
21.0089	12575
21.015	12597
21.0169	12619
21.023	12641
21.0249	12663
21.031	12685
21.0329	12707
RxDrop at 21.0385
21.039	12729
21.0409	12751
21.0489	1196
21.0656	1436
21.0736	1636
21.0816	1811
21.0886	1969
21.0956	2114
21.1027	2249
21.1097	2376
21.1116	2496
21.1177	2611
21.1196	2721
21.1256	2826
21.1275	2927
21.1327	3025
21.1346	3119
21.1397	3211
21.1416	3300
21.1467	3387
21.1486	3471
21.1505	3553
21.1547	3633
21.1566	3712
21.1585	3789
21.1627	3864
21.1646	3938
21.167	4010
21.1697	4081
21.175	4151
21.1769	4220
21.183	4288
21.1849	4355
21.191	4420
21.1929	4484
21.199	4548
21.2009	4611
21.207	4673
21.2089	4734
21.215	4794
21.2169	4853
21.223	4912
21.2249	4970
21.231	5027
21.2329	5084
21.239	5140
21.2409	5195
21.247	5250
21.2489	5304
21.255	5358
21.2569	5411
21.263	5464
21.2649	5516
21.271	5568
21.2729	5619
21.279	5670
21.2809	5720
21.287	5770
21.2889	5819
21.295	5868
21.2969	5916
21.303	5964
21.3049	6012
21.311	6059
21.3129	6106
21.319	6153
21.3209	6199
21.327	6245
21.3289	6291
21.335	6336
21.3369	6381
21.343	6426
21.3449	6470
21.351	6514
21.3529	6558
21.359	6601
21.3609	6644
21.367	6687
21.3689	6729
21.375	6771
21.3769	6813
21.383	6855
21.3849	6896
21.391	6937
21.3929	6978
21.399	7019
21.4009	7059
21.407	7099
21.4089	7139
21.415	7179
21.4169	7219
21.423	7258
21.4249	7297
21.431	7336
21.4329	7375
21.439	7413
21.4409	7451
21.447	7489
21.4489	7527
21.455	7565
21.4569	7602
21.463	7639
21.4649	7676
21.471	7713
21.4729	7750
21.479	7787
21.4809	7823
21.487	7859
21.4889	7895
21.495	7931
21.4969	7967
21.503	8003
21.5049	8038
21.511	8073
21.5129	8108
21.519	8143
21.5209	8178
21.527	8213
21.5289	8247
21.535	8281
21.5369	8315
21.543	8349
21.5449	8383
21.551	8417
21.5529	8451
21.559	8484
21.5609	8517
21.567	8550
21.5689	8583
21.575	8616
21.5769	8649
21.583	8682
21.5849	8715
21.591	8747
21.5929	8779
21.599	8811
21.6009	8843
21.607	8875
21.6089	8907
21.615	8939
21.6169	8971
21.623	9003
21.6249	9034
21.631	9065
21.6329	9096
21.639	9127
21.6409	9158
21.647	9189
21.6489	9220
21.655	9251
21.6569	9282
21.663	9312
21.6649	9342
21.671	9372
21.6729	9402
21.679	9432
21.6809	9462
21.687	9492
21.6889	9522
21.695	9552
21.6969	9582
21.703	9611
21.7049	9640
21.711	9669
21.7129	9698
21.719	9727
21.7209	9756
21.727	9785
21.7289	9814
21.735	9843
21.7369	9872
21.743	9901
21.7449	9930
21.751	9958
21.7529	9986
21.759	10014
21.7609	10042
21.767	10070
21.7689	10098
21.775	10126
21.7769	10154
21.783	10182
21.7849	10210
21.791	10238
21.7929	10266
21.799	10293
21.8009	10320
21.807	10347
21.8089	10374
21.815	10401
21.8169	10428
21.823	10455
21.8249	10482
21.831	10509
21.8329	10536
21.839	10563
21.8409	10590
21.847	10617
21.8489	10644
21.855	10670
21.8569	10696
21.863	10722
21.8649	10748
21.871	10774
21.8729	10800
21.879	10826
21.8809	10852
21.887	10878
21.8889	10904
21.895	10930
21.8969	10956
21.903	10982
21.9049	11008
21.911	11034
21.9129	11060
21.919	11085
21.9209	11110
21.927	11135
21.9289	11160
21.935	11185
21.9369	11210
21.943	11235
21.9449	11260
21.951	11285
21.9529	11310
21.959	11335
21.9609	11360
21.967	11385
21.9689	11410
21.975	11435
21.9769	11460
21.983	11485
21.9849	11510
21.991	11534
21.9929	11558
21.999	11582
22.0009	11606
22.007	11630
22.0089	11654
22.015	11678
22.0169	11702
22.023	11726
22.0249	11750
22.031	11774
22.0329	11798
22.039	11822
22.0409	11846
22.047	11870
22.0489	11894
22.055	11918
22.0569	11942
22.063	11966
22.0649	11990
22.071	12013
22.0729	12036
22.079	12059
22.0809	12082
22.087	12105
22.0889	12128
22.095	12151
22.0969	12174
22.103	12197
22.1049	12220
22.111	12243
22.1129	12266
22.119	12289
22.1209	12312
22.127	12335
22.1289	12358
22.135	12381
22.1369	12404
22.143	12427
22.1449	12450
22.151	12473
22.1529	12496
22.159	12518
22.1609	12540
22.167	12562
22.1689	12584
22.175	12606
22.1769	12628
22.183	12650
22.1849	12672
22.191	12694
22.1929	12716
22.199	12738
22.2009	12760
22.207	12782
22.2089	12804
22.215	12826
22.2169	12848
22.223	12870
22.2249	12892
22.231	12914
22.2329	12936
22.239	12958
22.2409	12980
22.247	13002
22.2489	13024
22.255	13046
22.2569	13068
22.263	13089
22.2649	13110
22.271	13131
22.2729	13152
22.279	13173
22.2809	13194
22.287	13215
22.2889	13236
22.295	13257
22.2969	13278
22.303	13299
22.3049	13320
22.311	13341
22.3129	13362
22.319	13383
22.3209	13404
22.327	13425
22.3289	13446
22.335	13467
22.3369	13488
22.343	13509
22.3449	13530
22.351	13551
22.3529	13572
22.359	13593
22.3609	13614
22.367	13635
22.3689	13656
22.375	13677
22.3769	13698
22.383	13718
22.3849	13738
22.391	13758
22.3929	13778
22.399	13798
22.4009	13818
22.407	13838
22.4089	13858
22.415	13878
22.4169	13898
22.423	13918
22.4249	13938
22.431	13958
22.4329	13978
22.439	13998
22.4409	14018
22.447	14038
22.4489	14058
22.455	14078
22.4569	14098
22.463	14118
22.4649	14138
22.471	14158
22.4729	14178
22.479	14198
22.4809	14218
22.487	14238
22.4889	14258
22.495	14278
22.4969	14298
22.503	14318
22.5049	14338
22.511	14358
22.5129	14378
22.519	14397
22.5209	14416
22.527	14435
22.5289	14454
22.535	14473
22.5369	14492
22.543	14511
22.5449	14530
22.551	14549
22.5529	14568
22.559	14587
22.5609	14606
22.567	14625
22.5689	14644
22.575	14663
22.5769	14682
22.583	14701
22.5849	14720
22.591	14739
22.5929	14758
22.599	14777
22.6009	14796
22.607	14815
22.6089	14834
22.615	14853
22.6169	14872
22.623	14891
22.6249	14910
22.631	14929
22.6329	14948
22.639	14967
22.6409	14986
22.647	15005
22.6489	15024
22.655	15043
22.6569	15062
22.663	15081
22.6649	15100
22.671	15119
22.6729	15138
22.679	15156
22.6809	15174
22.687	15192
22.6889	15210
22.695	15228
22.6969	15246
22.703	15264
22.7049	15282
22.711	15300
22.7129	15318
22.719	15336
22.7209	15354
22.727	15372
22.7289	15390
RxDrop at 22.7345
22.735	15408
22.7369	15426
22.7449	1196
22.7616	1436
22.7696	1636
22.7776	1811
22.7846	1969
22.7916	2114
22.7987	2249
22.8057	2376
22.8076	2496
22.8137	2611
22.8156	2721
22.8216	2826
22.8235	2927
22.8287	3025
22.8306	3119
22.8357	3211
22.8376	3300
22.8427	3387
22.8446	3471
22.8465	3553
22.8507	3633
22.8526	3712
22.8545	3789
22.8587	3864
22.8606	3938
22.863	4010
22.8657	4081
22.871	4151
22.8729	4220
22.879	4288
22.8809	4355
22.887	4420
22.8889	4484
22.895	4548
22.8969	4611
22.903	4673
22.9049	4734
22.911	4794
22.9129	4853
22.919	4912
22.9209	4970
22.927	5027
22.9289	5084
22.935	5140
22.9369	5195
22.943	5250
22.9449	5304
22.951	5358
22.9529	5411
22.959	5464
22.9609	5516
22.967	5568
22.9689	5619
22.975	5670
22.9769	5720
22.983	5770
22.9849	5819
22.991	5868
22.9929	5916
RxDrop at 22.9985
22.999	5964
23.0009	6012
23.0089	1196
23.0256	1436
23.0336	1636
23.0416	1811
23.0486	1969
23.0556	2114
23.0627	2249
23.0697	2376
23.0716	2496
23.0777	2611
23.0796	2721
23.0856	2826
23.0875	2927
23.0927	3025
23.0946	3119
23.0997	3211
23.1016	3300
23.1067	3387
23.1086	3471
23.1105	3553
23.1147	3633
23.1166	3712
23.1185	3789
23.1227	3864
23.1246	3938
23.127	4010
23.1297	4081
23.135	4151
23.1369	4220
23.143	4288
23.1449	4355
RxDrop at 23.1489
23.151	4420
23.159	1072
23.1731	1340
23.1811	1554
23.1891	1738
23.197	1903
23.2041	2053
23.2111	2192
23.2181	2323
23.22	2446
23.2261	2563
23.228	2675
23.2341	2782
23.236	2885
23.242	2984
23.2439	3080
23.2491	3173
23.251	3263
23.2561	3351
23.258	3436
23.2599	3519
23.2641	3600
23.266	3679
23.2679	3757
23.2721	3833
23.2739	3907
23.2758	3980
23.2791	4052
23.281	4122
23.2828	4191
23.288	4259
23.2896	4326
23.296	4392
23.2976	4457
23.304	4521
23.3056	4584
23.312	4646
23.3136	4707
23.32	4768
23.3216	4828
23.328	4887
23.3296	4945
23.336	5003
23.3376	5060
23.344	5116
23.3456	5172
23.352	5227
23.3536	5281
23.36	5335
23.3616	5388
23.368	5441
23.3696	5493
23.376	5545
23.3776	5596
23.384	5647
23.3856	5697
23.392	5747
23.3936	5796
23.4	5845
23.4016	5894
23.408	5942
23.4096	5990
23.416	6037
23.4176	6084
23.424	6131
23.4256	6177
23.432	6223
23.4336	6269
23.44	6314
23.4416	6359
23.448	6404
23.4496	6448
23.456	6492
23.4576	6536
23.464	6579
23.4656	6622
23.472	6665
23.4736	6708
23.48	6750
23.4816	6792
23.488	6834
23.4896	6876
23.496	6917
23.4976	6958
23.504	6999
23.5056	7040
23.512	7080
23.5136	7120
23.52	7160
23.5216	7200
23.528	7239
23.5296	7278
23.536	7317
23.5376	7356
23.544	7395
23.5456	7433
23.552	7471
23.5536	7509
23.56	7547
23.5616	7585
23.568	7622
23.5696	7659
23.576	7696
23.5776	7733
23.584	7770
23.5856	7806
23.592	7842
23.5936	7878
23.6	7914
23.6016	7950
23.608	7986
23.6096	8021
23.616	8056
23.6176	8091
23.624	8126
23.6256	8161
23.632	8196
23.6336	8231
23.64	8265
23.6416	8299
23.648	8333
23.6496	8367
23.656	8401
23.6576	8435
23.664	8469
23.6656	8502
23.672	8535
23.6736	8568
23.68	8601
23.6816	8634
23.688	8667
23.6896	8700
23.696	8733
23.6976	8765
23.704	8797
23.7056	8829
23.712	8861
23.7136	8893
23.72	8925
23.7216	8957
23.728	8989
23.7296	9020
23.736	9051
23.7376	9082
23.744	9113
23.7456	9144
23.752	9175
23.7536	9206
23.76	9237
23.7616	9268
23.768	9298
23.7696	9328
23.776	9358
23.7776	9388
23.784	9418
23.7856	9448
23.792	9478
23.7936	9508
23.8	9538
23.8016	9568
23.808	9598
23.8096	9627
23.816	9656
23.8176	9685
23.824	9714
23.8256	9743
23.832	9772
23.8336	9801
23.84	9830
23.8416	9859
23.848	9888
23.8496	9917
23.856	9945
23.8576	9973
23.864	10001
23.8656	10029
23.872	10057
23.8736	10085
23.88	10113
23.8816	10141
23.888	10169
23.8896	10197
23.896	10225
23.8976	10253
23.904	10281
23.9056	10308
23.912	10335
23.9136	10362
23.92	10389
23.9216	10416
23.928	10443
23.9296	10470
RxDrop at 23.9329
23.9369	10497
23.943	1072
23.9571	1340
23.9651	1554
23.9731	1738
23.981	1903
23.9881	2053
23.9951	2192
24.0021	2323
24.004	2446
24.0101	2563
24.012	2675
24.0181	2782
24.02	2885
24.026	2984
24.0279	3080
24.0331	3173
24.035	3263
24.0401	3351
24.042	3436
24.0439	3519
24.0481	3600
24.05	3679
24.0519	3757
24.0561	3833
24.0579	3907
24.0598	3980
24.0631	4052
24.065	4122
24.0668	4191
24.072	4259
24.0736	4326
24.08	4392
24.0816	4457
24.088	4521
24.0896	4584
24.096	4646
24.0976	4707
24.104	4768
24.1056	4828
24.112	4887
24.1136	4945
24.12	5003
24.1216	5060
24.128	5116
24.1296	5172
24.136	5227
24.1376	5281
24.144	5335
24.1456	5388
24.152	5441
24.1536	5493
24.16	5545
24.1616	5596
24.168	5647
24.1696	5697
24.176	5747
24.1776	5796
24.184	5845
24.1856	5894
24.192	5942
24.1936	5990
24.2	6037
24.2016	6084
24.208	6131
24.2096	6177
24.216	6223
24.2176	6269
24.224	6314
24.2256	6359
24.232	6404
24.2336	6448
24.24	6492
24.2416	6536
24.248	6579
24.2496	6622
24.256	6665
24.2576	6708
24.264	6750
24.2656	6792
24.272	6834
24.2736	6876
24.28	6917
24.2816	6958
24.288	6999
24.2896	7040
24.296	7080
24.2976	7120
24.304	7160
24.3056	7200
24.312	7239
24.3136	7278
24.32	7317
24.3216	7356
24.328	7395
24.3296	7433
24.336	7471
24.3376	7509
24.344	7547
24.3456	7585
24.352	7622
24.3536	7659
24.36	7696
24.3616	7733
24.368	7770
24.3696	7806
24.376	7842
24.3776	7878
24.384	7914
24.3856	7950
24.392	7986
24.3936	8021
24.4	8056
24.4016	8091
24.408	8126
24.4096	8161
24.416	8196
24.4176	8231
24.424	8265
24.4256	8299
24.432	8333
24.4336	8367
24.44	8401
24.4416	8435
24.448	8469
24.4496	8502
24.456	8535
24.4576	8568
24.464	8601
24.4656	8634
24.472	8667
24.4736	8700
24.48	8733
24.4816	8765
24.488	8797
24.4896	8829
24.496	8861
24.4976	8893
24.504	8925
24.5056	8957
24.512	8989
24.5136	9020
24.52	9051
24.5216	9082
24.528	9113
24.5296	9144
24.536	9175
24.5376	9206
24.544	9237
24.5456	9268
24.552	9298
24.5536	9328
24.56	9358
24.5616	9388
24.568	9418
24.5696	9448
24.576	9478
24.5776	9508
24.584	9538
24.5856	9568
24.592	9598
24.5936	9627
24.6	9656
24.6016	9685
24.608	9714
24.6096	9743
24.616	9772
24.6176	9801
24.624	9830
24.6256	9859
24.632	9888
24.6336	9917
24.64	9945
24.6416	9973
24.648	10001
24.6496	10029
24.656	10057
24.6576	10085
24.664	10113
24.6656	10141
24.672	10169
24.6736	10197
24.68	10225
24.6816	10253
24.688	10281
24.6896	10308
RxDrop at 24.6938
24.696	10335
24.704	1072
24.718	1340
24.726	1554
24.734	1738
24.742	1903
24.749	2053
24.756	2192
24.7631	2323
24.765	2446
24.771	2563
24.7729	2675
24.779	2782
24.7809	2885
24.787	2984
24.7889	3080
24.794	3173
24.7959	3263
24.801	3351
24.8029	3436
24.8048	3519
24.809	3600
24.8109	3679
24.8128	3757
24.817	3833
24.8189	3907
24.8208	3980
24.824	4052
24.8259	4122
24.8278	4191
24.832	4259
24.8336	4326
24.84	4392
24.8416	4457
24.848	4521
24.8496	4584
24.856	4646
24.8576	4707
24.864	4768
24.8656	4828
24.872	4887
24.8736	4945
24.88	5003
24.8816	5060
24.888	5116
24.8896	5172
24.896	5227
24.8976	5281
24.904	5335
24.9056	5388
24.912	5441
24.9136	5493
24.92	5545
24.9216	5596
RxDrop at 24.9249
24.9289	5647
24.935	1072
24.9491	1340
24.9571	1554
24.9651	1738
24.973	1903
24.9801	2053
24.9871	2192
24.9941	2323
24.996	2446
ns3::TcpVeno
0 hi 
