Waf: Entering directory `/home/gman/Downloads/ns-allinone-3.29/ns-3.29/build'
Waf: Leaving directory `/home/gman/Downloads/ns-allinone-3.29/ns-3.29/build'
Build commands will be stored in build/compile_commands.json
'build' finished successfully (4.463s)
0.0061856	536
0.0133024	1072
0.0212768	1608
0.0292512	2144
0.0362816	2680
0.0381696	3216
0.044256	3752
0.046144	4288
0.048032	4824
0.0522304	5360
0.0541184	5896
0.0560064	6432
0.0578944	6968
0.0597824	7504
0.0609152	8040
0.0639744	8576
0.065632	9112
RxDrop at 0.069832
0.0719744	9648
0.0799872	1072
0.094048	1340
0.102022	1554
0.109997	1738
0.117971	1903
0.125002	2053
0.132032	2192
0.139062	2323
0.14095	2446
0.147037	2563
0.148925	2675
0.155011	2782
0.156899	2885
0.162986	2984
0.164874	3080
0.170016	3173
0.171904	3263
0.177046	3351
0.178934	3436
0.180822	3519
0.185021	3600
0.186909	3679
0.188797	3757
0.192995	3833
0.194883	3907
0.196771	3980
0.200026	4052
0.201914	4122
0.203776	4191
RxDrop at 0.205832
0.207974	4259
0.215987	1072
0.230048	1340
RxDrop at 0.233992
0.252122	1072
0.266182	1340
0.274157	1554
0.282131	1738
0.290106	1903
0.297136	2053
0.304166	2192
0.311197	2323
0.313085	2446
0.319171	2563
0.321059	2675
0.327146	2782
0.329034	2885
0.33512	2984
0.337008	3080
0.34215	3173
0.344038	3263
0.349181	3351
0.351069	3436
0.352957	3519
0.357155	3600
0.359043	3679
0.360931	3757
0.36513	3833
0.367018	3907
0.368906	3980
0.37216	4052
0.374048	4122
0.375936	4191
0.37919	4259
0.381078	4326
0.382966	4392
0.386221	4457
0.388109	4521
0.389997	4584
0.391885	4646
0.394195	4707
0.396083	4768
0.397971	4828
0.399078	4887
0.401226	4945
0.40703	5003
0.408918	5060
0.41503	5116
0.416918	5172
0.42303	5227
0.424918	5281
0.43103	5335
0.432918	5388
0.43903	5441
0.440918	5493
0.44703	5545
0.448918	5596
0.45503	5647
0.456918	5697
0.46303	5747
0.464918	5796
0.47103	5845
0.472918	5894
0.47903	5942
0.480918	5990
0.48703	6037
0.488918	6084
0.49503	6131
0.496918	6177
0.50303	6223
0.504918	6269
0.51103	6314
0.512918	6359
0.51903	6404
0.520918	6448
0.52703	6492
0.528918	6536
0.53503	6579
0.536918	6622
0.54303	6665
0.544918	6708
0.55103	6750
0.552918	6792
0.55903	6834
0.560918	6876
0.56703	6917
0.568918	6958
0.57503	6999
0.576918	7040
0.58303	7080
0.584918	7120
0.59103	7160
0.592918	7200
0.59903	7239
0.600918	7278
0.60703	7317
0.608918	7356
0.61503	7395
0.616918	7433
0.62303	7471
0.624918	7509
0.63103	7547
0.632918	7585
0.63903	7622
0.640918	7659
0.64703	7696
0.648918	7733
0.65503	7770
0.656918	7806
0.66303	7842
0.664918	7878
0.67103	7914
0.672918	7950
0.67903	7986
0.680918	8021
0.68703	8056
0.688918	8091
0.69503	8126
0.696918	8161
0.70303	8196
0.704918	8231
0.71103	8265
0.712918	8299
0.71903	8333
0.720918	8367
0.72703	8401
0.728918	8435
0.73503	8469
0.736918	8502
0.74303	8535
0.744918	8568
0.75103	8601
0.752918	8634
RxDrop at 0.755944
RxDrop at 0.758546
0.767056	1072
0.783488	1340
0.791462	1554
0.799437	1738
0.807411	1903
RxDrop at 0.811355
0.815398	2053
0.823386	1072
0.837459	1340
0.845434	1554
0.853408	1738
0.861382	1903
0.868413	2053
0.875443	2192
0.882474	2323
0.884362	2446
0.890448	2563
0.892336	2675
0.898422	2782
0.90031	2885
0.906397	2984
0.908285	3080
0.913427	3173
0.915315	3263
0.920458	3351
0.922346	3436
0.924234	3519
0.928432	3600
0.93032	3679
0.932208	3757
0.936406	3833
0.938294	3907
0.940182	3980
0.943437	4052
0.945325	4122
0.947213	4191
0.950467	4259
0.952355	4326
0.954243	4392
0.957498	4457
0.959386	4521
0.961274	4584
0.963162	4646
0.965472	4707
0.96736	4768
0.969248	4828
0.971136	4887
0.972832	4945
0.975974	5003
0.977632	5060
0.983974	5116
0.985632	5172
0.991974	5227
0.993632	5281
0.999974	5335
1.00163	5388
1.00797	5441
1.00963	5493
1.01597	5545
1.01763	5596
1.02397	5647
1.02563	5697
1.03197	5747
1.03363	5796
1.03997	5845
1.04163	5894
1.04797	5942
1.04963	5990
1.05597	6037
1.05763	6084
1.06397	6131
1.06563	6177
1.07197	6223
1.07363	6269
1.07997	6314
1.08163	6359
1.08797	6404
1.08963	6448
1.09597	6492
1.09763	6536
1.10397	6579
1.10563	6622
1.11197	6665
1.11363	6708
1.11997	6750
1.12163	6792
1.12797	6834
1.12963	6876
1.13597	6917
1.13763	6958
1.14397	6999
1.14563	7040
1.15197	7080
1.15363	7120
1.15997	7160
1.16163	7200
1.16797	7239
1.16963	7278
1.17597	7317
1.17763	7356
1.18397	7395
1.18563	7433
1.19197	7471
1.19363	7509
1.19997	7547
1.20163	7585
1.20797	7622
1.20963	7659
1.21597	7696
1.21763	7733
1.22397	7770
1.22563	7806
1.23197	7842
1.23363	7878
1.23997	7914
1.24163	7950
1.24797	7986
1.24963	8021
1.25597	8056
1.25763	8091
1.26397	8126
1.26563	8161
1.27197	8196
1.27363	8231
1.27997	8265
1.28163	8299
1.28797	8333
1.28963	8367
1.29597	8401
1.29763	8435
1.30397	8469
1.30563	8502
1.31197	8535
1.31363	8568
1.31997	8601
1.32163	8634
1.32797	8667
1.32963	8700
1.33597	8733
1.33763	8765
1.34397	8797
1.34563	8829
1.35197	8861
1.35363	8893
1.35997	8925
1.36163	8957
1.36797	8989
1.36963	9020
1.37597	9051
1.37763	9082
1.38397	9113
1.38563	9144
1.39197	9175
1.39363	9206
1.39997	9237
1.40163	9268
1.40797	9298
1.40963	9328
1.41597	9358
1.41763	9388
1.42397	9418
1.42563	9448
1.43197	9478
1.43363	9508
1.43997	9538
1.44163	9568
1.44797	9598
1.44963	9627
1.45597	9656
1.45763	9685
1.46397	9714
1.46563	9743
1.47197	9772
1.47363	9801
1.47997	9830
1.48163	9859
1.48797	9888
1.48963	9917
1.49597	9945
1.49763	9973
1.50397	10001
1.50563	10029
1.51197	10057
1.51363	10085
1.51997	10113
1.52163	10141
1.52797	10169
1.52963	10197
1.53597	10225
1.53763	10253
1.54397	10281
1.54563	10308
1.55197	10335
1.55363	10362
1.55997	10389
1.56163	10416
1.56797	10443
1.56963	10470
1.57597	10497
1.57763	10524
1.58397	10551
1.58563	10578
1.59197	10605
1.59363	10632
1.59997	10659
1.60163	10685
1.60797	10711
1.60963	10737
1.61597	10763
1.61763	10789
1.62397	10815
1.62563	10841
1.63197	10867
1.63363	10893
1.63997	10919
1.64163	10945
1.64797	10971
1.64963	10997
1.65597	11023
1.65763	11049
1.66397	11075
1.66563	11100
1.67197	11125
1.67363	11150
1.67997	11175
1.68163	11200
1.68797	11225
1.68963	11250
1.69597	11275
1.69763	11300
1.70397	11325
1.70563	11350
1.71197	11375
1.71363	11400
1.71997	11425
1.72163	11450
1.72797	11475
1.72963	11500
1.73597	11524
1.73763	11548
1.74397	11572
1.74563	11596
1.75197	11620
1.75363	11644
1.75997	11668
1.76163	11692
1.76797	11716
1.76963	11740
1.77597	11764
1.77763	11788
1.78397	11812
1.78563	11836
1.79197	11860
1.79363	11884
1.79997	11908
1.80163	11932
1.80797	11956
1.80963	11980
1.81597	12003
1.81763	12026
1.82397	12049
1.82563	12072
1.83197	12095
1.83363	12118
1.83997	12141
1.84163	12164
1.84797	12187
1.84963	12210
1.85597	12233
1.85763	12256
1.86397	12279
1.86563	12302
1.87197	12325
1.87363	12348
1.87997	12371
1.88163	12394
1.88797	12417
1.88963	12440
1.89597	12463
1.89763	12486
1.90397	12509
1.90563	12531
1.91197	12553
1.91363	12575
1.91997	12597
1.92163	12619
1.92797	12641
1.92963	12663
1.93597	12685
1.93763	12707
1.94397	12729
1.94563	12751
1.95197	12773
1.95363	12795
1.95997	12817
1.96163	12839
1.96797	12861
1.96963	12883
1.97597	12905
1.97763	12927
1.98397	12949
1.98563	12971
1.99197	12993
1.99363	13015
1.99997	13037
2.00163	13059
2.00797	13080
2.00963	13101
2.01597	13122
2.01763	13143
2.02397	13164
2.02563	13185
2.03197	13206
2.03363	13227
2.03997	13248
2.04163	13269
2.04797	13290
2.04963	13311
2.05597	13332
2.05763	13353
2.06397	13374
2.06563	13395
2.07197	13416
2.07363	13437
2.07997	13458
2.08163	13479
2.08797	13500
2.08963	13521
2.09597	13542
2.09763	13563
2.10397	13584
2.10563	13605
2.11197	13626
2.11363	13647
2.11997	13668
2.12163	13689
2.12797	13709
2.12963	13729
2.13597	13749
2.13763	13769
2.14397	13789
2.14563	13809
2.15197	13829
2.15363	13849
2.15997	13869
2.16163	13889
2.16797	13909
2.16963	13929
2.17597	13949
2.17763	13969
2.18397	13989
2.18563	14009
2.19197	14029
2.19363	14049
2.19997	14069
2.20163	14089
2.20797	14109
2.20963	14129
2.21597	14149
2.21763	14169
2.22397	14189
2.22563	14209
2.23197	14229
2.23363	14249
2.23997	14269
2.24163	14289
2.24797	14309
2.24963	14329
2.25597	14349
2.25763	14369
2.26397	14388
2.26563	14407
2.27197	14426
2.27363	14445
2.27997	14464
2.28163	14483
2.28797	14502
2.28963	14521
2.29597	14540
2.29763	14559
2.30397	14578
2.30563	14597
2.31197	14616
2.31363	14635
2.31997	14654
2.32163	14673
2.32797	14692
2.32963	14711
2.33597	14730
2.33763	14749
RxDrop at 2.33994
2.34564	1072
2.36162	1340
2.36959	1554
2.37757	1738
2.38554	1903
2.39257	2053
2.3996	2192
2.40663	2323
2.40852	2446
2.41461	2563
2.4165	2675
2.42258	2782
2.42447	2885
2.43056	2984
2.43244	3080
2.43759	3173
2.43948	3263
2.44462	3351
2.44651	3436
2.44839	3519
2.45259	3600
2.45448	3679
2.45637	3757
2.46057	3833
2.46245	3907
2.46392	3980
2.4676	4052
2.47103	4122
2.47292	4191
2.47903	4259
2.48092	4326
2.48703	4392
2.48892	4457
2.49503	4521
2.49692	4584
2.50303	4646
2.50492	4707
2.51103	4768
2.51292	4828
2.51903	4887
2.52092	4945
2.52703	5003
2.52892	5060
2.53503	5116
2.53692	5172
2.54303	5227
2.54492	5281
2.55103	5335
2.55292	5388
2.55903	5441
2.56092	5493
2.56703	5545
2.56892	5596
2.57503	5647
2.57692	5697
2.58303	5747
2.58492	5796
2.59103	5845
2.59292	5894
2.59903	5942
2.60092	5990
2.60703	6037
2.60892	6084
2.61503	6131
2.61692	6177
2.62303	6223
2.62492	6269
2.63103	6314
2.63292	6359
2.63903	6404
2.64092	6448
2.64703	6492
2.64892	6536
RxDrop at 2.65455
2.65503	6579
2.65692	6622
2.66493	1072
2.68162	1340
2.68959	1554
2.69757	1738
2.70554	1903
2.71257	2053
2.7196	2192
2.72663	2323
2.72852	2446
2.73461	2563
2.7365	2675
2.74258	2782
2.74447	2885
2.75056	2984
2.75244	3080
2.75759	3173
2.75948	3263
2.76462	3351
2.76651	3436
2.76839	3519
2.77259	3600
2.77448	3679
2.77637	3757
2.78057	3833
2.78245	3907
2.78392	3980
2.7876	4052
2.79103	4122
2.79292	4191
2.79903	4259
2.80092	4326
2.80703	4392
2.80892	4457
2.81503	4521
2.81692	4584
2.82303	4646
2.82492	4707
2.83103	4768
2.83292	4828
2.83903	4887
2.84092	4945
2.84703	5003
2.84892	5060
2.85503	5116
2.85692	5172
2.86303	5227
2.86492	5281
2.87103	5335
2.87292	5388
2.87903	5441
2.88092	5493
2.88703	5545
2.88892	5596
2.89503	5647
2.89692	5697
2.90303	5747
2.90492	5796
2.91103	5845
2.91292	5894
2.91903	5942
2.92092	5990
2.92703	6037
2.92892	6084
2.93503	6131
2.93692	6177
2.94303	6223
2.94492	6269
2.95103	6314
2.95292	6359
2.95903	6404
2.96092	6448
2.96703	6492
2.96892	6536
2.97503	6579
2.97692	6622
2.98303	6665
2.98492	6708
2.99103	6750
2.99292	6792
2.99903	6834
3.00092	6876
3.00703	6917
3.00892	6958
3.01503	6999
3.01692	7040
3.02303	7080
3.02492	7120
3.03103	7160
3.03292	7200
3.03903	7239
3.04092	7278
3.04703	7317
3.04892	7356
3.05503	7395
3.05692	7433
3.06303	7471
3.06492	7509
3.07103	7547
3.07292	7585
3.07903	7622
3.08092	7659
3.08703	7696
3.08892	7733
3.09503	7770
3.09692	7806
RxDrop at 3.10089
3.10303	7842
3.11104	1072
RxDrop at 3.11759
3.15326	1340
3.16124	1554
3.16921	1738
3.17719	1903
3.18422	2053
3.19125	2192
3.19828	2323
3.20017	2446
3.20625	2563
3.20814	2675
3.21423	2782
3.21612	2885
3.2222	2984
3.22409	3080
3.22923	3173
3.23112	3263
3.23626	3351
3.23815	3436
3.24004	3519
3.24424	3600
3.24612	3679
3.24801	3757
3.25221	3833
3.2541	3907
3.25599	3980
3.25924	4052
3.26113	4122
3.26302	4191
3.26627	4259
3.26816	4326
3.27005	4392
3.2733	4457
3.27519	4521
3.27708	4584
3.27897	4646
3.28128	4707
3.28316	4768
3.28703	4828
3.28892	4887
3.29503	4945
3.29692	5003
3.30303	5060
3.30492	5116
3.31103	5172
3.31292	5227
3.31903	5281
3.32092	5335
3.32703	5388
3.32892	5441
3.33503	5493
3.33692	5545
3.34303	5596
3.34492	5647
3.35103	5697
3.35292	5747
3.35903	5796
3.36092	5845
3.36703	5894
3.36892	5942
3.37503	5990
3.37692	6037
3.38303	6084
3.38492	6131
3.39103	6177
3.39292	6223
3.39903	6269
3.40092	6314
3.40703	6359
3.40892	6404
3.41503	6448
3.41692	6492
3.42303	6536
3.42492	6579
3.43103	6622
3.43292	6665
3.43903	6708
3.44092	6750
3.44703	6792
3.44892	6834
3.45503	6876
3.45692	6917
3.46303	6958
3.46492	6999
3.47103	7040
3.47292	7080
3.47903	7120
3.48092	7160
RxDrop at 3.48583
3.48703	7200
3.48964	7239
3.49599	1072
3.51005	1340
3.51802	1554
3.526	1738
3.53397	1903
3.541	2053
3.54803	2192
3.55506	2323
3.55695	2446
3.56304	2563
3.56492	2675
3.57101	2782
3.5729	2885
3.57899	2984
3.58087	3080
3.58602	3173
3.5879	3263
3.59305	3351
3.59493	3436
3.59682	3519
3.60102	3600
3.60291	3679
3.6048	3757
3.609	3833
3.61088	3907
3.61277	3980
3.61603	4052
3.61791	4122
3.61978	4191
3.62397	4259
3.62563	4326
3.63197	4392
3.63363	4457
3.63997	4521
3.64163	4584
3.64797	4646
3.64963	4707
3.65597	4768
3.65763	4828
3.66397	4887
3.66563	4945
3.67197	5003
3.67363	5060
3.67997	5116
3.68163	5172
3.68797	5227
3.68963	5281
3.69597	5335
3.69763	5388
3.70397	5441
3.70563	5493
3.71197	5545
3.71363	5596
3.71997	5647
3.72163	5697
3.72797	5747
3.72963	5796
3.73597	5845
3.73763	5894
3.74397	5942
3.74563	5990
3.75197	6037
3.75363	6084
3.75997	6131
3.76163	6177
3.76797	6223
3.76963	6269
3.77597	6314
3.77763	6359
3.78397	6404
3.78563	6448
3.79197	6492
3.79363	6536
3.79997	6579
3.80163	6622
3.80797	6665
3.80963	6708
3.81597	6750
3.81763	6792
3.82397	6834
3.82563	6876
3.83197	6917
3.83363	6958
3.83997	6999
3.84163	7040
3.84797	7080
3.84963	7120
3.85597	7160
3.85763	7200
3.86397	7239
3.86563	7278
3.87197	7317
3.87363	7356
3.87997	7395
3.88163	7433
3.88797	7471
3.88963	7509
3.89597	7547
3.89763	7585
3.90397	7622
3.90563	7659
3.91197	7696
3.91363	7733
3.91997	7770
3.92163	7806
3.92797	7842
3.92963	7878
3.93597	7914
3.93763	7950
3.94397	7986
3.94563	8021
3.95197	8056
3.95363	8091
3.95997	8126
3.96163	8161
3.96797	8196
3.96963	8231
3.97597	8265
3.97763	8299
3.98397	8333
3.98563	8367
3.99197	8401
3.99363	8435
3.99997	8469
4.00163	8502
4.00797	8535
4.00963	8568
4.01597	8601
4.01763	8634
4.02397	8667
4.02563	8700
4.03197	8733
4.03363	8765
4.03997	8797
4.04163	8829
4.04797	8861
4.04963	8893
4.05597	8925
4.05763	8957
4.06397	8989
4.06563	9020
4.07197	9051
4.07363	9082
4.07997	9113
4.08163	9144
4.08797	9175
4.08963	9206
4.09597	9237
4.09763	9268
4.10397	9298
4.10563	9328
4.11197	9358
4.11363	9388
RxDrop at 4.11783
4.11997	9418
4.12799	1072
4.14205	1340
4.15002	1554
4.158	1738
4.16597	1903
4.173	2053
4.18003	2192
4.18706	2323
4.18895	2446
4.19504	2563
4.19692	2675
4.20301	2782
4.2049	2885
4.21099	2984
4.21287	3080
4.21802	3173
4.2199	3263
4.22505	3351
4.22693	3436
4.22882	3519
4.23302	3600
4.23491	3679
4.2368	3757
4.241	3833
4.24288	3907
4.24477	3980
4.24803	4052
4.24991	4122
4.25178	4191
4.25597	4259
4.25763	4326
4.26397	4392
4.26563	4457
4.27197	4521
4.27363	4584
4.27997	4646
4.28163	4707
4.28797	4768
4.28963	4828
4.29597	4887
4.29763	4945
4.30397	5003
4.30563	5060
4.31197	5116
4.31363	5172
4.31997	5227
4.32163	5281
4.32797	5335
4.32963	5388
4.33597	5441
4.33763	5493
4.34397	5545
4.34563	5596
4.35197	5647
4.35363	5697
4.35997	5747
4.36163	5796
4.36797	5845
4.36963	5894
4.37597	5942
4.37763	5990
4.38397	6037
4.38563	6084
4.39197	6131
4.39363	6177
4.39997	6223
4.40163	6269
4.40797	6314
4.40963	6359
4.41597	6404
4.41763	6448
4.42397	6492
4.42563	6536
4.43197	6579
4.43363	6622
4.43997	6665
4.44163	6708
4.44797	6750
4.44963	6792
4.45597	6834
4.45763	6876
4.46397	6917
4.46563	6958
4.47197	6999
4.47363	7040
4.47997	7080
4.48163	7120
4.48797	7160
4.48963	7200
4.49597	7239
4.49763	7278
4.50397	7317
4.50563	7356
4.51197	7395
4.51363	7433
4.51997	7471
4.52163	7509
4.52797	7547
4.52963	7585
4.53597	7622
4.53763	7659
4.54397	7696
4.54563	7733
4.55197	7770
4.55363	7806
4.55997	7842
4.56163	7878
4.56797	7914
4.56963	7950
4.57597	7986
4.57763	8021
4.58397	8056
4.58563	8091
4.59197	8126
4.59363	8161
4.59997	8196
4.60163	8231
4.60797	8265
4.60963	8299
4.61597	8333
4.61763	8367
4.62397	8401
4.62563	8435
4.63197	8469
4.63363	8502
4.63997	8535
4.64163	8568
4.64797	8601
4.64963	8634
4.65597	8667
4.65763	8700
4.66397	8733
4.66563	8765
4.67197	8797
4.67363	8829
4.67997	8861
4.68163	8893
4.68797	8925
4.68963	8957
4.69597	8989
4.69763	9020
4.70397	9051
4.70563	9082
4.71197	9113
4.71363	9144
4.71997	9175
4.72163	9206
4.72797	9237
4.72963	9268
4.73597	9298
4.73763	9328
4.74397	9358
4.74563	9388
4.75197	9418
4.75363	9448
4.75997	9478
4.76163	9508
4.76797	9538
4.76963	9568
4.77597	9598
4.77763	9627
4.78397	9656
4.78563	9685
4.79197	9714
4.79363	9743
4.79997	9772
4.80163	9801
4.80797	9830
4.80963	9859
4.81597	9888
4.81763	9917
4.82397	9945
4.82563	9973
4.83197	10001
4.83363	10029
4.83997	10057
4.84163	10085
4.84797	10113
4.84963	10141
4.85597	10169
4.85763	10197
4.86397	10225
4.86563	10253
4.87197	10281
4.87363	10308
4.87997	10335
4.88163	10362
4.88797	10389
4.88963	10416
4.89597	10443
4.89763	10470
4.90397	10497
4.90563	10524
4.91197	10551
4.91363	10578
4.91997	10605
4.92163	10632
4.92797	10659
4.92963	10685
4.93597	10711
4.93763	10737
4.94397	10763
4.94563	10789
4.95197	10815
4.95363	10841
RxDrop at 4.95783
4.95997	10867
4.96799	1072
4.98205	1340
4.99002	1554
4.998	1738
5.00597	1903
5.013	2053
5.02003	2192
5.02706	2323
5.02895	2446
5.03504	2563
5.03692	2675
5.04301	2782
5.0449	2885
5.05099	2984
5.05287	3080
5.05802	3173
5.0599	3263
5.06505	3351
5.06693	3436
5.06882	3519
5.07302	3600
5.07491	3679
5.0768	3757
5.081	3833
5.08288	3907
5.08477	3980
5.08803	4052
5.08991	4122
5.09178	4191
5.09597	4259
5.09763	4326
5.10397	4392
5.10563	4457
5.11197	4521
5.11363	4584
5.11997	4646
5.12163	4707
5.12797	4768
5.12963	4828
5.13597	4887
5.13763	4945
5.14397	5003
5.14563	5060
5.15197	5116
5.15363	5172
RxDrop at 5.15783
5.15997	5227
5.16799	1072
5.18205	1340
5.19002	1554
5.198	1738
5.20597	1903
5.213	2053
5.22003	2192
5.22706	2323
5.22895	2446
5.23504	2563
5.23692	2675
5.24301	2782
5.2449	2885
RxDrop at 5.24884
5.25099	2984
5.25803	1072
5.27209	1340
5.28006	1554
5.28804	1738
5.29601	1903
5.30304	2053
5.31007	2192
5.3171	2323
5.31899	2446
5.32508	2563
5.32697	2675
5.33305	2782
5.33494	2885
5.34103	2984
5.34292	3080
RxDrop at 5.3478
5.34806	3173
5.34995	3263
5.35699	1072
5.37106	1340
5.37904	1554
5.38701	1738
5.39499	1903
5.40202	2053
5.40905	2192
5.41608	2323
5.41796	2446
5.42405	2563
5.42594	2675
5.43203	2782
5.43391	2885
5.44	2984
5.44189	3080
5.44703	3173
5.44892	3263
5.45406	3351
5.45595	3436
5.45784	3519
5.46204	3600
5.46392	3679
5.46581	3757
5.47001	3833
5.4719	3907
5.47379	3980
5.47704	4052
5.47893	4122
5.48082	4191
5.48407	4259
5.48596	4326
5.48785	4392
5.4911	4457
5.49299	4521
5.49488	4584
5.49676	4646
5.49908	4707
5.50096	4768
5.50285	4828
5.50474	4887
5.50705	4945
5.50894	5003
5.51058	5060
5.51247	5116
5.51413	5172
5.51997	5227
5.52163	5281
5.52797	5335
5.52963	5388
5.53597	5441
5.53763	5493
5.54397	5545
5.54563	5596
5.55197	5647
5.55363	5697
5.55997	5747
5.56163	5796
5.56797	5845
5.56963	5894
5.57597	5942
5.57763	5990
5.58397	6037
5.58563	6084
5.59197	6131
5.59363	6177
5.59997	6223
5.60163	6269
5.60797	6314
5.60963	6359
5.61597	6404
5.61763	6448
5.62397	6492
5.62563	6536
5.63197	6579
5.63363	6622
5.63997	6665
5.64163	6708
5.64797	6750
5.64963	6792
5.65597	6834
5.65763	6876
5.66397	6917
5.66563	6958
5.67197	6999
5.67363	7040
5.67997	7080
5.68163	7120
5.68797	7160
5.68963	7200
5.69597	7239
5.69763	7278
5.70397	7317
5.70563	7356
5.71197	7395
5.71363	7433
5.71997	7471
5.72163	7509
5.72797	7547
5.72963	7585
5.73597	7622
5.73763	7659
5.74397	7696
5.74563	7733
5.75197	7770
5.75363	7806
5.75997	7842
5.76163	7878
5.76797	7914
5.76963	7950
5.77597	7986
5.77763	8021
5.78397	8056
5.78563	8091
5.79197	8126
5.79363	8161
5.79997	8196
5.80163	8231
5.80797	8265
5.80963	8299
5.81597	8333
5.81763	8367
5.82397	8401
5.82563	8435
5.83197	8469
5.83363	8502
5.83997	8535
5.84163	8568
5.84797	8601
5.84963	8634
5.85597	8667
5.85763	8700
5.86397	8733
5.86563	8765
5.87197	8797
5.87363	8829
5.87997	8861
5.88163	8893
5.88797	8925
5.88963	8957
5.89597	8989
5.89763	9020
5.90397	9051
5.90563	9082
5.91197	9113
5.91363	9144
5.91997	9175
5.92163	9206
5.92797	9237
5.92963	9268
5.93597	9298
5.93763	9328
RxDrop at 5.93994
5.94564	1072
5.96162	1340
5.96959	1554
5.97757	1738
5.98554	1903
5.99257	2053
5.9996	2192
6.00663	2323
6.00852	2446
RxDrop at 6.01058
6.01651	1072
6.03058	1340
6.03856	1554
6.04653	1738
6.05451	1903
6.06154	2053
6.06857	2192
6.0756	2323
6.07748	2446
6.08357	2563
6.08546	2675
6.09155	2782
6.09343	2885
RxDrop at 6.09738
6.09952	2984
RxDrop at 6.10346
6.10752	1072
6.12348	1340
6.13146	1554
6.13943	1738
6.1474	1903
6.15444	2053
6.16147	2192
6.1685	2323
6.17038	2446
6.17647	2563
6.17836	2675
6.18444	2782
6.18633	2885
6.19242	2984
6.19431	3080
6.19945	3173
6.20134	3263
6.20648	3351
6.20837	3436
6.21026	3519
6.21445	3600
6.21634	3679
6.21823	3757
6.22243	3833
6.22432	3907
6.2262	3980
6.22946	4052
6.23135	4122
6.23324	4191
6.23649	4259
6.23838	4326
6.24027	4392
6.24352	4457
6.24541	4521
6.2473	4584
6.24918	4646
6.25149	4707
6.25338	4768
6.25527	4828
6.25716	4887
6.25947	4945
6.26136	5003
6.26324	5060
6.26513	5116
6.26702	5172
6.26891	5227
6.27103	5281
6.27292	5335
6.27903	5388
6.28092	5441
6.28703	5493
6.28892	5545
6.29503	5596
6.29692	5647
6.30303	5697
6.30492	5747
6.31103	5796
6.31292	5845
6.31903	5894
6.32092	5942
6.32703	5990
6.32892	6037
6.33503	6084
6.33692	6131
6.34303	6177
6.34492	6223
6.35103	6269
6.35292	6314
6.35903	6359
6.36092	6404
6.36703	6448
6.36892	6492
6.37503	6536
6.37692	6579
6.38303	6622
6.38492	6665
6.39103	6708
6.39292	6750
6.39903	6792
6.40092	6834
6.40703	6876
6.40892	6917
RxDrop at 6.41383
6.41503	6958
6.41764	6999
6.42399	1072
RxDrop at 6.43496
6.63268	1340
6.6538	1072
6.66787	1340
6.67584	1554
6.68381	1738
6.69179	1903
6.69882	2053
6.70585	2192
6.71288	2323
6.71477	2446
6.72085	2563
6.72274	2675
6.72883	2782
6.73072	2885
6.7368	2984
6.73869	3080
RxDrop at 6.74169
6.74383	3173
6.75088	1072
6.76494	1340
6.77291	1554
6.78089	1738
6.78886	1903
6.79589	2053
6.80292	2192
6.80995	2323
6.81184	2446
6.81793	2563
6.81981	2675
6.8259	2782
6.82779	2885
6.83388	2984
6.83576	3080
6.84091	3173
6.84279	3263
6.84794	3351
6.84982	3436
6.85171	3519
6.85591	3600
6.8578	3679
6.85969	3757
6.86388	3833
6.86577	3907
6.86766	3980
6.87092	4052
6.8728	4122
6.87469	4191
6.87795	4259
6.87983	4326
6.88172	4392
6.88498	4457
6.88686	4521
6.88875	4584
6.89064	4646
6.89295	4707
6.89484	4768
6.89673	4828
6.89861	4887
6.90092	4945
6.90281	5003
6.9047	5060
6.90659	5116
6.90848	5172
6.91036	5227
6.91225	5281
6.91414	5335
6.91603	5388
6.91792	5441
6.9198	5493
6.92169	5545
6.92358	5596
6.92547	5647
6.92736	5697
6.92924	5747
6.93113	5796
6.93302	5845
6.93491	5894
6.9368	5942
6.93868	5990
6.94057	6037
6.94246	6084
6.94435	6131
6.94624	6177
6.94812	6223
6.95001	6269
6.9519	6314
6.95379	6359
6.95568	6404
6.95756	6448
6.95945	6492
6.96134	6536
6.96323	6579
6.96512	6622
6.967	6665
6.96889	6708
6.97078	6750
6.97267	6792
6.97456	6834
6.97644	6876
6.97833	6917
6.98022	6958
6.98211	6999
6.984	7040
6.98588	7080
6.98777	7120
6.98966	7160
6.99155	7200
6.99344	7239
6.99532	7278
6.99721	7317
6.9991	7356
7.00099	7395
7.00288	7433
7.00476	7471
7.00665	7509
7.00854	7547
7.01043	7585
7.01232	7622
7.0142	7659
7.01609	7696
7.01798	7733
7.01987	7770
7.02176	7806
7.02364	7842
7.02553	7878
7.02742	7914
7.02931	7950
7.0312	7986
7.03308	8021
7.03497	8056
7.03686	8091
7.03875	8126
7.04064	8161
7.04252	8196
7.04441	8231
7.0463	8265
7.04819	8299
7.05008	8333
RxDrop at 7.05077
7.05196	8367
7.05481	8401
7.0567	1072
7.07566	1340
7.08364	1554
7.09161	1738
7.09959	1903
7.10662	2053
7.11365	2192
7.12068	2323
7.12257	2446
7.12865	2563
7.13054	2675
7.13663	2782
7.13851	2885
7.1446	2984
7.14649	3080
7.15163	3173
7.15352	3263
7.15866	3351
7.16055	3436
7.16244	3519
7.16664	3600
7.16852	3679
7.17041	3757
7.17461	3833
7.1765	3907
7.17839	3980
7.18164	4052
7.18353	4122
7.18542	4191
7.19103	4259
7.19292	4326
7.19903	4392
7.20092	4457
7.20703	4521
7.20892	4584
7.21503	4646
7.21692	4707
7.22303	4768
7.22492	4828
7.23103	4887
7.23292	4945
7.23903	5003
7.24092	5060
RxDrop at 7.24583
7.24703	5116
7.24964	5172
7.25599	1072
7.27005	1340
7.27802	1554
7.286	1738
7.29397	1903
7.301	2053
7.30803	2192
7.31506	2323
7.31695	2446
7.32304	2563
7.32492	2675
7.33101	2782
7.3329	2885
7.33899	2984
7.34087	3080
7.34602	3173
7.3479	3263
7.35305	3351
7.35493	3436
7.35682	3519
7.36102	3600
7.36291	3679
7.3648	3757
7.369	3833
7.37088	3907
7.37277	3980
7.37603	4052
7.37791	4122
7.37978	4191
7.38397	4259
7.38563	4326
7.39197	4392
7.39363	4457
7.39997	4521
7.40163	4584
7.40797	4646
7.40963	4707
7.41597	4768
7.41763	4828
7.42397	4887
7.42563	4945
7.43197	5003
7.43363	5060
7.43997	5116
7.44163	5172
7.44797	5227
7.44963	5281
7.45597	5335
7.45763	5388
7.46397	5441
7.46563	5493
7.47197	5545
7.47363	5596
7.47997	5647
7.48163	5697
7.48797	5747
7.48963	5796
7.49597	5845
7.49763	5894
7.50397	5942
7.50563	5990
7.51197	6037
7.51363	6084
7.51997	6131
7.52163	6177
7.52797	6223
7.52963	6269
7.53597	6314
7.53763	6359
7.54397	6404
7.54563	6448
7.55197	6492
7.55363	6536
7.55997	6579
7.56163	6622
7.56797	6665
7.56963	6708
7.57597	6750
7.57763	6792
7.58397	6834
7.58563	6876
7.59197	6917
7.59363	6958
7.59997	6999
7.60163	7040
7.60797	7080
7.60963	7120
7.61597	7160
7.61763	7200
7.62397	7239
7.62563	7278
7.63197	7317
7.63363	7356
7.63997	7395
7.64163	7433
7.64797	7471
7.64963	7509
7.65597	7547
7.65763	7585
7.66397	7622
7.66563	7659
7.67197	7696
7.67363	7733
7.67997	7770
7.68163	7806
RxDrop at 7.68489
7.68893	7842
7.69504	1072
7.7091	1340
7.71708	1554
7.72505	1738
7.73303	1903
7.74006	2053
7.74709	2192
7.75412	2323
7.75601	2446
7.76209	2563
7.76398	2675
7.77007	2782
7.77196	2885
7.77804	2984
7.77993	3080
7.78507	3173
7.78696	3263
7.7921	3351
7.79399	3436
7.79588	3519
7.80008	3600
7.80196	3679
7.80385	3757
7.80805	3833
7.80994	3907
7.81183	3980
7.81508	4052
7.81697	4122
7.81883	4191
7.82397	4259
7.82563	4326
7.83197	4392
7.83363	4457
7.83997	4521
7.84163	4584
7.84797	4646
7.84963	4707
7.85597	4768
7.85763	4828
7.86397	4887
7.86563	4945
7.87197	5003
7.87363	5060
7.87997	5116
7.88163	5172
7.88797	5227
7.88963	5281
RxDrop at 7.89383
7.89597	5335
7.90399	1072
7.91805	1340
7.92602	1554
7.934	1738
7.94197	1903
7.949	2053
7.95603	2192
7.96306	2323
7.96495	2446
7.97104	2563
7.97292	2675
7.97901	2782
7.9809	2885
7.98699	2984
7.98887	3080
7.99402	3173
7.9959	3263
8.00105	3351
8.00293	3436
8.00482	3519
8.00902	3600
8.01091	3679
8.0128	3757
8.017	3833
8.01888	3907
8.02077	3980
8.02403	4052
8.02591	4122
8.02778	4191
8.03197	4259
8.03363	4326
8.03997	4392
8.04163	4457
8.04797	4521
8.04963	4584
8.05597	4646
8.05763	4707
8.06397	4768
8.06563	4828
8.07197	4887
8.07363	4945
8.07997	5003
8.08163	5060
8.08797	5116
8.08963	5172
8.09597	5227
8.09763	5281
8.10397	5335
8.10563	5388
8.11197	5441
8.11363	5493
8.11997	5545
8.12163	5596
8.12797	5647
8.12963	5697
8.13597	5747
8.13763	5796
8.14397	5845
8.14563	5894
8.15197	5942
8.15363	5990
8.15997	6037
8.16163	6084
8.16797	6131
8.16963	6177
8.17597	6223
8.17763	6269
8.18397	6314
8.18563	6359
8.19197	6404
8.19363	6448
8.19997	6492
8.20163	6536
8.20797	6579
8.20963	6622
8.21597	6665
8.21763	6708
8.22397	6750
8.22563	6792
8.23197	6834
8.23363	6876
8.23997	6917
8.24163	6958
8.24797	6999
8.24963	7040
RxDrop at 8.25289
8.25693	7080
8.26304	1072
8.2771	1340
8.28508	1554
8.29305	1738
8.30103	1903
8.30806	2053
8.31509	2192
8.32212	2323
8.32401	2446
8.33009	2563
8.33198	2675
RxDrop at 8.33592
8.33807	2782
8.34605	1072
RxDrop at 8.35
9.33807	536
9.55213	1072
9.5601	1340
9.56808	1554
9.57605	1738
9.58403	1903
9.59106	2053
9.59809	2192
9.60512	2323
9.607	2446
9.61309	2563
9.61498	2675
9.62107	2782
9.62295	2885
9.62904	2984
9.63093	3080
9.63607	3173
9.63796	3263
9.6431	3351
9.64499	3436
9.64688	3519
9.65108	3600
9.65296	3679
9.65485	3757
9.65905	3833
9.66094	3907
9.66283	3980
9.66608	4052
9.66797	4122
9.66986	4191
9.67311	4259
9.675	4326
9.67689	4392
9.68014	4457
9.68203	4521
9.68392	4584
9.6858	4646
9.68812	4707
9.69	4768
9.69189	4828
9.69378	4887
9.69609	4945
9.69798	5003
9.69987	5060
9.70175	5116
9.70364	5172
9.70553	5227
9.70742	5281
9.70931	5335
9.71119	5388
9.71308	5441
9.71497	5493
9.71686	5545
9.71875	5596
9.72063	5647
9.72252	5697
9.72441	5747
9.7263	5796
9.72819	5845
9.73007	5894
9.73196	5942
RxDrop at 9.73265
9.73385	5990
9.73669	6037
9.73858	1072
9.75505	1340
9.76303	1554
9.771	1738
9.77898	1903
9.78601	2053
9.79304	2192
9.80007	2323
9.80196	2446
9.80804	2563
9.80993	2675
9.81602	2782
9.8179	2885
9.82399	2984
9.82588	3080
9.83102	3173
9.83291	3263
9.83805	3351
9.83994	3436
9.84183	3519
9.84603	3600
9.84791	3679
9.8498	3757
9.854	3833
9.85589	3907
9.85778	3980
9.86103	4052
9.86292	4122
9.86481	4191
9.86806	4259
9.86995	4326
9.87184	4392
9.87509	4457
9.87698	4521
9.87887	4584
9.88076	4646
9.88307	4707
9.88495	4768
9.88684	4828
9.88873	4887
9.89104	4945
9.89293	5003
9.89482	5060
9.8967	5116
9.89859	5172
9.90048	5227
9.90237	5281
9.90426	5335
9.90614	5388
9.90803	5441
9.90992	5493
9.91181	5545
9.9137	5596
9.91558	5647
9.91747	5697
9.91936	5747
9.92125	5796
9.92314	5845
9.92502	5894
9.92691	5942
9.9288	5990
9.93069	6037
9.93258	6084
9.93446	6131
9.93635	6177
9.93824	6223
9.94013	6269
9.94202	6314
9.9439	6359
9.94579	6404
9.94768	6448
9.94957	6492
9.95146	6536
9.95334	6579
9.95523	6622
9.95712	6665
9.95901	6708
9.9609	6750
9.96278	6792
9.96467	6834
9.96656	6876
9.96845	6917
9.97034	6958
9.97222	6999
9.97411	7040
9.976	7080
9.97789	7120
9.97978	7160
9.98166	7200
9.98355	7239
9.98544	7278
9.98733	7317
9.98922	7356
9.9911	7395
9.99299	7433
9.99488	7471
9.99677	7509
9.99866	7547
10.0005	7585
10.0024	7622
10.0043	7659
10.0062	7696
10.0081	7733
10.01	7770
10.0119	7806
10.0138	7842
10.0156	7878
10.0175	7914
10.0194	7950
10.0213	7986
10.0232	8021
10.0251	8056
10.027	8091
10.0289	8126
10.0308	8161
10.0326	8196
10.0345	8231
10.0364	8265
10.0383	8299
10.0402	8333
10.0421	8367
10.044	8401
10.0459	8435
10.0477	8469
10.0496	8502
10.0515	8535
10.0534	8568
10.0553	8601
10.0572	8634
10.0591	8667
10.061	8700
10.0628	8733
10.0647	8765
10.0666	8797
10.0685	8829
10.0704	8861
10.0723	8893
10.0742	8925
10.0761	8957
10.078	8989
10.0798	9020
10.0817	9051
10.0836	9082
10.0855	9113
10.0874	9144
10.0893	9175
10.0912	9206
10.0931	9237
10.0949	9268
10.0968	9298
10.0987	9328
10.1006	9358
10.1025	9388
10.1037	9418
10.1056	9448
10.1073	9478
10.1091	9508
10.111	9538
10.1129	9568
10.119	9598
10.1209	9627
10.127	9656
10.1289	9685
10.135	9714
10.1369	9743
10.143	9772
10.1449	9801
10.151	9830
10.1529	9859
10.159	9888
10.1609	9917
10.167	9945
10.1689	9973
10.175	10001
10.1769	10029
10.183	10057
10.1849	10085
10.191	10113
10.1929	10141
10.199	10169
10.2009	10197
10.207	10225
10.2089	10253
10.215	10281
10.2169	10308
RxDrop at 10.2199
10.224	10335
10.2256	1072
10.2416	1340
10.2496	1554
10.2576	1738
10.2655	1903
10.2726	2053
10.2796	2192
10.2866	2323
10.2885	2446
10.2946	2563
10.2965	2675
10.3026	2782
10.3045	2885
10.3106	2984
10.3124	3080
10.3176	3173
10.3195	3263
10.3246	3351
10.3265	3436
10.3284	3519
10.3326	3600
10.3345	3679
10.3364	3757
10.3406	3833
10.3425	3907
10.3439	3980
10.3476	4052
10.351	4122
10.3529	4191
10.359	4259
10.3609	4326
10.367	4392
10.3689	4457
10.375	4521
10.3769	4584
10.383	4646
10.3849	4707
10.391	4768
10.3929	4828
10.399	4887
10.4009	4945
10.407	5003
10.4089	5060
10.415	5116
10.4169	5172
10.423	5227
10.4249	5281
10.431	5335
10.4329	5388
10.439	5441
10.4409	5493
10.447	5545
10.4489	5596
10.455	5647
10.4569	5697
10.463	5747
10.4649	5796
10.471	5845
10.4729	5894
10.479	5942
10.4809	5990
10.487	6037
10.4889	6084
10.495	6131
10.4969	6177
10.503	6223
10.5049	6269
10.511	6314
10.5129	6359
10.519	6404
10.5209	6448
10.527	6492
10.5289	6536
10.535	6579
10.5369	6622
10.543	6665
10.5449	6708
10.551	6750
10.5529	6792
10.559	6834
10.5609	6876
10.567	6917
10.5689	6958
10.575	6999
10.5769	7040
10.583	7080
10.5849	7120
10.591	7160
10.5929	7200
10.599	7239
10.6009	7278
10.607	7317
10.6089	7356
10.615	7395
10.6169	7433
10.623	7471
10.6249	7509
10.631	7547
10.6329	7585
10.639	7622
10.6409	7659
10.647	7696
10.6489	7733
10.655	7770
10.6569	7806
10.663	7842
10.6649	7878
10.671	7914
10.6729	7950
10.679	7986
10.6809	8021
10.687	8056
10.6889	8091
10.695	8126
10.6969	8161
10.703	8196
10.7049	8231
10.711	8265
10.7129	8299
10.719	8333
10.7209	8367
10.727	8401
10.7289	8435
10.735	8469
10.7369	8502
10.743	8535
10.7449	8568
10.751	8601
10.7529	8634
10.759	8667
10.7609	8700
10.767	8733
10.7689	8765
10.775	8797
10.7769	8829
10.783	8861
10.7849	8893
10.791	8925
10.7929	8957
10.799	8989
10.8009	9020
10.807	9051
10.8089	9082
10.815	9113
10.8169	9144
10.823	9175
10.8249	9206
10.831	9237
10.8329	9268
10.839	9298
10.8409	9328
10.847	9358
10.8489	9388
10.855	9418
10.8569	9448
10.863	9478
10.8649	9508
10.871	9538
10.8729	9568
10.879	9598
10.8809	9627
10.887	9656
10.8889	9685
10.895	9714
10.8969	9743
10.903	9772
10.9049	9801
10.911	9830
10.9129	9859
10.919	9888
10.9209	9917
10.927	9945
10.9289	9973
10.935	10001
10.9369	10029
10.943	10057
10.9449	10085
10.951	10113
10.9529	10141
10.959	10169
10.9609	10197
10.967	10225
10.9689	10253
10.975	10281
10.9769	10308
10.983	10335
10.9849	10362
10.991	10389
10.9929	10416
10.999	10443
11.0009	10470
11.007	10497
11.0089	10524
11.015	10551
11.0169	10578
11.023	10605
11.0249	10632
11.031	10659
11.0329	10685
11.039	10711
11.0409	10737
11.047	10763
11.0489	10789
11.055	10815
11.0569	10841
11.063	10867
11.0649	10893
11.071	10919
11.0729	10945
11.079	10971
11.0809	10997
11.087	11023
11.0889	11049
11.095	11075
11.0969	11100
11.103	11125
11.1049	11150
11.111	11175
11.1129	11200
11.119	11225
11.1209	11250
11.127	11275
11.1289	11300
11.135	11325
11.1369	11350
11.143	11375
11.1449	11400
11.151	11425
11.1529	11450
11.159	11475
11.1609	11500
11.167	11524
11.1689	11548
11.175	11572
11.1769	11596
11.183	11620
11.1849	11644
11.191	11668
11.1929	11692
11.199	11716
11.2009	11740
11.207	11764
11.2089	11788
11.215	11812
11.2169	11836
11.223	11860
11.2249	11884
11.231	11908
11.2329	11932
11.239	11956
11.2409	11980
11.247	12003
11.2489	12026
11.255	12049
11.2569	12072
11.263	12095
11.2649	12118
11.271	12141
11.2729	12164
11.279	12187
11.2809	12210
11.287	12233
11.2889	12256
11.295	12279
11.2969	12302
11.303	12325
11.3049	12348
11.311	12371
11.3129	12394
11.319	12417
11.3209	12440
11.327	12463
11.3289	12486
11.335	12509
11.3369	12531
11.343	12553
11.3449	12575
11.351	12597
11.3529	12619
11.359	12641
11.3609	12663
11.367	12685
11.3689	12707
RxDrop at 11.3738
11.375	12729
11.3776	12751
11.384	1072
11.398	1340
11.406	1554
11.414	1738
11.422	1903
11.429	2053
11.436	2192
11.4431	2323
11.445	2446
11.451	2563
11.4529	2675
11.459	2782
11.4609	2885
11.467	2984
11.4689	3080
11.474	3173
11.4759	3263
11.481	3351
11.4829	3436
11.4848	3519
11.489	3600
11.4909	3679
11.4928	3757
11.497	3833
11.4989	3907
11.5008	3980
11.504	4052
11.5059	4122
11.5078	4191
11.512	4259
11.5136	4326
RxDrop at 11.5159
11.5216	1072
11.5376	1340
11.5456	1554
11.5536	1738
11.5615	1903
11.5686	2053
11.5756	2192
11.5826	2323
11.5845	2446
11.5906	2563
11.5925	2675
11.5986	2782
11.6005	2885
11.6066	2984
11.6084	3080
11.6136	3173
11.6155	3263
11.6206	3351
11.6225	3436
11.6244	3519
11.6286	3600
11.6305	3679
11.6324	3757
11.6366	3833
11.6385	3907
11.6399	3980
11.6436	4052
11.647	4122
11.6489	4191
11.655	4259
11.6569	4326
11.663	4392
11.6649	4457
11.671	4521
11.6729	4584
11.679	4646
11.6809	4707
11.687	4768
11.6889	4828
11.695	4887
11.6969	4945
11.703	5003
11.7049	5060
11.711	5116
11.7129	5172
11.719	5227
11.7209	5281
11.727	5335
11.7289	5388
11.735	5441
11.7369	5493
11.743	5545
11.7449	5596
11.751	5647
11.7529	5697
11.759	5747
11.7609	5796
11.767	5845
11.7689	5894
11.775	5942
11.7769	5990
11.783	6037
11.7849	6084
11.791	6131
11.7929	6177
11.799	6223
11.8009	6269
11.807	6314
11.8089	6359
11.815	6404
11.8169	6448
11.823	6492
11.8249	6536
11.831	6579
11.8329	6622
11.839	6665
11.8409	6708
11.847	6750
11.8489	6792
11.855	6834
11.8569	6876
11.863	6917
11.8649	6958
11.871	6999
11.8729	7040
11.879	7080
11.8809	7120
11.887	7160
11.8889	7200
11.895	7239
11.8969	7278
11.903	7317
11.9049	7356
11.911	7395
11.9129	7433
11.919	7471
11.9209	7509
11.927	7547
11.9289	7585
11.935	7622
11.9369	7659
11.943	7696
11.9449	7733
11.951	7770
11.9529	7806
11.959	7842
11.9609	7878
11.967	7914
11.9689	7950
11.975	7986
11.9769	8021
11.983	8056
11.9849	8091
11.991	8126
11.9929	8161
11.999	8196
12.0009	8231
12.007	8265
12.0089	8299
12.015	8333
12.0169	8367
12.023	8401
12.0249	8435
12.031	8469
12.0329	8502
12.039	8535
12.0409	8568
12.047	8601
12.0489	8634
12.055	8667
12.0569	8700
12.063	8733
12.0649	8765
12.071	8797
12.0729	8829
12.079	8861
12.0809	8893
12.087	8925
12.0889	8957
12.095	8989
12.0969	9020
12.103	9051
12.1049	9082
12.111	9113
12.1129	9144
12.119	9175
12.1209	9206
12.127	9237
12.1289	9268
12.135	9298
12.1369	9328
12.143	9358
12.1449	9388
12.151	9418
12.1529	9448
12.159	9478
12.1609	9508
12.167	9538
12.1689	9568
12.175	9598
12.1769	9627
12.183	9656
12.1849	9685
12.191	9714
12.1929	9743
12.199	9772
12.2009	9801
12.207	9830
12.2089	9859
12.215	9888
12.2169	9917
12.223	9945
12.2249	9973
12.231	10001
12.2329	10029
12.239	10057
12.2409	10085
12.247	10113
12.2489	10141
12.255	10169
12.2569	10197
12.263	10225
12.2649	10253
12.271	10281
12.2729	10308
12.279	10335
12.2809	10362
12.287	10389
12.2889	10416
12.295	10443
12.2969	10470
12.303	10497
12.3049	10524
12.311	10551
12.3129	10578
12.319	10605
12.3209	10632
12.327	10659
12.3289	10685
12.335	10711
12.3369	10737
12.343	10763
12.3449	10789
12.351	10815
12.3529	10841
12.359	10867
12.3609	10893
12.367	10919
12.3689	10945
12.375	10971
12.3769	10997
12.383	11023
12.3849	11049
12.391	11075
12.3929	11100
12.399	11125
12.4009	11150
12.407	11175
12.4089	11200
12.415	11225
12.4169	11250
12.423	11275
12.4249	11300
12.431	11325
12.4329	11350
12.439	11375
12.4409	11400
12.447	11425
12.4489	11450
12.455	11475
12.4569	11500
12.463	11524
12.4649	11548
12.471	11572
12.4729	11596
12.479	11620
12.4809	11644
12.487	11668
12.4889	11692
12.495	11716
12.4969	11740
12.503	11764
12.5049	11788
12.511	11812
12.5129	11836
12.519	11860
12.5209	11884
12.527	11908
12.5289	11932
12.535	11956
12.5369	11980
12.543	12003
12.5449	12026
12.551	12049
12.5529	12072
12.559	12095
12.5609	12118
12.567	12141
12.5689	12164
12.575	12187
12.5769	12210
12.583	12233
12.5849	12256
12.591	12279
12.5929	12302
12.599	12325
12.6009	12348
12.607	12371
12.6089	12394
12.615	12417
12.6169	12440
12.623	12463
12.6249	12486
12.631	12509
12.6329	12531
12.639	12553
12.6409	12575
12.647	12597
12.6489	12619
12.655	12641
12.6569	12663
12.663	12685
12.6649	12707
12.671	12729
12.6729	12751
12.679	12773
12.6809	12795
12.687	12817
12.6889	12839
12.695	12861
12.6969	12883
12.703	12905
12.7049	12927
12.711	12949
12.7129	12971
12.719	12993
12.7209	13015
12.727	13037
12.7289	13059
12.735	13080
12.7369	13101
12.743	13122
12.7449	13143
12.751	13164
12.7529	13185
12.759	13206
12.7609	13227
12.767	13248
12.7689	13269
12.775	13290
12.7769	13311
12.783	13332
12.7849	13353
12.791	13374
12.7929	13395
12.799	13416
12.8009	13437
12.807	13458
12.8089	13479
12.815	13500
12.8169	13521
12.823	13542
12.8249	13563
12.831	13584
12.8329	13605
12.839	13626
12.8409	13647
12.847	13668
12.8489	13689
12.855	13709
12.8569	13729
12.863	13749
12.8649	13769
12.871	13789
12.8729	13809
12.879	13829
12.8809	13849
12.887	13869
12.8889	13889
12.895	13909
12.8969	13929
12.903	13949
12.9049	13969
12.911	13989
12.9129	14009
12.919	14029
12.9209	14049
12.927	14069
12.9289	14089
12.935	14109
12.9369	14129
12.943	14149
12.9449	14169
12.951	14189
12.9529	14209
12.959	14229
12.9609	14249
12.967	14269
12.9689	14289
12.975	14309
12.9769	14329
12.983	14349
12.9849	14369
12.991	14388
12.9929	14407
12.999	14426
13.0009	14445
13.007	14464
13.0089	14483
13.015	14502
13.0169	14521
13.023	14540
13.0249	14559
13.031	14578
13.0329	14597
13.039	14616
13.0409	14635
13.047	14654
13.0489	14673
13.055	14692
13.0569	14711
13.063	14730
13.0649	14749
13.071	14768
13.0729	14787
13.079	14806
13.0809	14825
13.087	14844
13.0889	14863
13.095	14882
13.0969	14901
13.103	14920
13.1049	14939
13.111	14958
13.1129	14977
13.119	14996
13.1209	15015
13.127	15034
13.1289	15053
13.135	15072
13.1369	15091
13.143	15110
13.1449	15129
13.151	15147
13.1529	15165
13.159	15183
13.1609	15201
13.167	15219
13.1689	15237
13.175	15255
13.1769	15273
13.183	15291
13.1849	15309
13.191	15327
13.1929	15345
13.199	15363
13.2009	15381
13.207	15399
13.2089	15417
13.215	15435
13.2169	15453
RxDrop at 13.2209
13.223	15471
13.231	1072
13.2451	1340
13.2531	1554
13.2611	1738
13.269	1903
13.2761	2053
13.2831	2192
13.2901	2323
13.292	2446
13.2981	2563
13.3	2675
13.3061	2782
13.308	2885
13.314	2984
13.3159	3080
13.3211	3173
13.323	3263
13.3281	3351
13.33	3436
13.3319	3519
13.3361	3600
13.338	3679
13.3399	3757
13.3441	3833
13.3459	3907
13.3478	3980
13.3511	4052
13.353	4122
13.3548	4191
13.36	4259
13.3616	4326
13.368	4392
13.3696	4457
13.376	4521
13.3776	4584
13.384	4646
13.3856	4707
13.392	4768
13.3936	4828
13.4	4887
13.4016	4945
13.408	5003
13.4096	5060
13.416	5116
13.4176	5172
13.424	5227
13.4256	5281
13.432	5335
13.4336	5388
13.44	5441
13.4416	5493
13.448	5545
13.4496	5596
13.456	5647
13.4576	5697
13.464	5747
13.4656	5796
13.472	5845
13.4736	5894
13.48	5942
13.4816	5990
13.488	6037
13.4896	6084
13.496	6131
13.4976	6177
13.504	6223
13.5056	6269
13.512	6314
13.5136	6359
13.52	6404
13.5216	6448
13.528	6492
13.5296	6536
13.536	6579
13.5376	6622
13.544	6665
13.5456	6708
13.552	6750
13.5536	6792
13.56	6834
13.5616	6876
13.568	6917
13.5696	6958
13.576	6999
13.5776	7040
13.584	7080
13.5856	7120
13.592	7160
13.5936	7200
13.6	7239
13.6016	7278
13.608	7317
13.6096	7356
13.616	7395
13.6176	7433
13.624	7471
13.6256	7509
13.632	7547
13.6336	7585
13.64	7622
13.6416	7659
13.648	7696
13.6496	7733
RxDrop at 13.6529
13.6569	7770
13.663	1072
13.6771	1340
13.6851	1554
13.6931	1738
13.701	1903
13.7081	2053
13.7151	2192
13.7221	2323
13.724	2446
13.7301	2563
13.732	2675
13.7381	2782
13.74	2885
13.746	2984
13.7479	3080
13.7531	3173
13.755	3263
13.7601	3351
13.762	3436
13.7639	3519
13.7681	3600
13.77	3679
13.7719	3757
13.7761	3833
13.7779	3907
13.7798	3980
13.7831	4052
13.785	4122
13.7868	4191
13.792	4259
13.7936	4326
13.8	4392
13.8016	4457
13.808	4521
13.8096	4584
13.816	4646
13.8176	4707
13.824	4768
13.8256	4828
13.832	4887
13.8336	4945
13.84	5003
13.8416	5060
13.848	5116
13.8496	5172
13.856	5227
13.8576	5281
13.864	5335
13.8656	5388
13.872	5441
13.8736	5493
13.88	5545
13.8816	5596
13.888	5647
13.8896	5697
13.896	5747
13.8976	5796
13.904	5845
13.9056	5894
13.912	5942
13.9136	5990
13.92	6037
13.9216	6084
13.928	6131
13.9296	6177
13.936	6223
13.9376	6269
13.944	6314
13.9456	6359
13.952	6404
13.9536	6448
13.96	6492
13.9616	6536
13.968	6579
13.9696	6622
13.976	6665
13.9776	6708
13.984	6750
13.9856	6792
13.992	6834
13.9936	6876
14	6917
14.0016	6958
14.008	6999
14.0096	7040
14.016	7080
14.0176	7120
14.024	7160
14.0256	7200
14.032	7239
14.0336	7278
14.04	7317
14.0416	7356
14.048	7395
14.0496	7433
14.056	7471
14.0576	7509
14.064	7547
14.0656	7585
14.072	7622
14.0736	7659
14.08	7696
14.0816	7733
14.088	7770
14.0896	7806
14.096	7842
14.0976	7878
14.104	7914
14.1056	7950
14.112	7986
14.1136	8021
14.12	8056
14.1216	8091
14.128	8126
14.1296	8161
14.136	8196
14.1376	8231
14.144	8265
14.1456	8299
14.152	8333
14.1536	8367
14.16	8401
14.1616	8435
14.168	8469
14.1696	8502
14.176	8535
14.1776	8568
14.184	8601
14.1856	8634
14.192	8667
14.1936	8700
14.2	8733
14.2016	8765
14.208	8797
14.2096	8829
14.216	8861
14.2176	8893
RxDrop at 14.2225
14.224	8925
14.231	8957
14.2329	1072
14.2496	1340
14.2576	1554
14.2656	1738
14.2735	1903
14.2806	2053
14.2876	2192
14.2946	2323
14.2965	2446
14.3026	2563
14.3045	2675
14.3106	2782
14.3125	2885
14.3186	2984
14.3204	3080
14.3256	3173
14.3275	3263
14.3326	3351
14.3345	3436
14.3364	3519
14.3406	3600
14.3425	3679
14.3444	3757
14.3486	3833
14.3505	3907
14.3519	3980
14.3556	4052
14.359	4122
14.3609	4191
14.367	4259
14.3689	4326
14.375	4392
14.3769	4457
14.383	4521
14.3849	4584
14.391	4646
14.3929	4707
14.399	4768
14.4009	4828
14.407	4887
14.4089	4945
14.415	5003
14.4169	5060
14.423	5116
14.4249	5172
14.431	5227
14.4329	5281
14.439	5335
14.4409	5388
14.447	5441
14.4489	5493
14.455	5545
14.4569	5596
14.463	5647
14.4649	5697
14.471	5747
14.4729	5796
14.479	5845
14.4809	5894
14.487	5942
14.4889	5990
14.495	6037
14.4969	6084
14.503	6131
14.5049	6177
14.511	6223
14.5129	6269
14.519	6314
14.5209	6359
14.527	6404
14.5289	6448
14.535	6492
14.5369	6536
14.543	6579
14.5449	6622
14.551	6665
14.5529	6708
14.559	6750
14.5609	6792
14.567	6834
14.5689	6876
14.575	6917
14.5769	6958
14.583	6999
14.5849	7040
14.591	7080
14.5929	7120
14.599	7160
14.6009	7200
14.607	7239
14.6089	7278
14.615	7317
14.6169	7356
14.623	7395
14.6249	7433
14.631	7471
14.6329	7509
14.639	7547
14.6409	7585
14.647	7622
14.6489	7659
14.655	7696
14.6569	7733
14.663	7770
14.6649	7806
14.671	7842
14.6729	7878
14.679	7914
14.6809	7950
14.687	7986
14.6889	8021
14.695	8056
14.6969	8091
14.703	8126
14.7049	8161
14.711	8196
14.7129	8231
14.719	8265
14.7209	8299
14.727	8333
14.7289	8367
14.735	8401
14.7369	8435
14.743	8469
14.7449	8502
14.751	8535
14.7529	8568
14.759	8601
14.7609	8634
14.767	8667
14.7689	8700
14.775	8733
14.7769	8765
14.783	8797
14.7849	8829
14.791	8861
14.7929	8893
14.799	8925
14.8009	8957
14.807	8989
14.8089	9020
14.815	9051
14.8169	9082
14.823	9113
14.8249	9144
14.831	9175
14.8329	9206
14.839	9237
14.8409	9268
14.847	9298
14.8489	9328
14.855	9358
14.8569	9388
14.863	9418
14.8649	9448
14.871	9478
14.8729	9508
14.879	9538
14.8809	9568
14.887	9598
14.8889	9627
14.895	9656
14.8969	9685
14.903	9714
14.9049	9743
14.911	9772
14.9129	9801
14.919	9830
14.9209	9859
RxDrop at 14.9239
14.928	9888
14.9296	1072
14.9456	1340
14.9536	1554
14.9616	1738
14.9695	1903
14.9766	2053
14.9836	2192
14.9906	2323
14.9925	2446
14.9986	2563
15.0005	2675
15.0066	2782
15.0085	2885
15.0146	2984
15.0164	3080
15.0216	3173
15.0235	3263
RxDrop at 15.0284
15.0286	3351
15.0305	3436
15.0366	1072
15.0507	1340
15.0587	1554
15.0666	1738
15.0746	1903
15.0816	2053
15.0887	2192
15.0957	2323
15.0976	2446
15.1037	2563
15.1056	2675
15.1116	2782
15.1135	2885
15.1196	2984
15.1215	3080
15.1266	3173
15.1285	3263
15.1337	3351
15.1356	3436
15.1375	3519
15.1417	3600
15.1435	3679
15.1454	3757
15.1496	3833
15.1515	3907
15.1534	3980
15.1567	4052
15.1585	4122
15.1604	4191
15.1637	4259
15.1656	4326
15.167	4392
15.1689	4457
15.175	4521
15.1769	4584
15.183	4646
15.1849	4707
15.191	4768
15.1929	4828
15.199	4887
15.2009	4945
15.207	5003
15.2089	5060
15.215	5116
15.2169	5172
15.223	5227
15.2249	5281
15.231	5335
15.2329	5388
15.239	5441
15.2409	5493
15.247	5545
15.2489	5596
15.255	5647
15.2569	5697
15.263	5747
15.2649	5796
15.271	5845
15.2729	5894
15.279	5942
15.2809	5990
RxDrop at 15.2839
15.288	6037
15.2896	1072
15.3056	1340
15.3136	1554
15.3216	1738
15.3295	1903
15.3366	2053
RxDrop at 15.3405
15.3446	2192
15.3525	1072
15.3666	1340
15.3746	1554
15.3826	1738
15.3905	1903
15.3976	2053
15.4046	2192
15.4116	2323
15.4135	2446
15.4196	2563
15.4215	2675
15.4276	2782
15.4295	2885
15.4356	2984
15.4374	3080
15.4426	3173
15.4445	3263
15.4496	3351
15.4515	3436
15.4534	3519
15.4576	3600
15.4595	3679
15.4614	3757
15.4656	3833
15.4675	3907
15.4693	3980
15.4726	4052
15.4745	4122
15.4764	4191
RxDrop at 15.4794
15.4796	4259
15.4815	4326
15.4867	1072
15.5007	1340
15.5087	1554
15.5167	1738
15.5247	1903
15.5317	2053
15.5387	2192
15.5457	2323
15.5476	2446
15.5537	2563
15.5556	2675
RxDrop at 15.5586
15.5627	2782
15.5697	1072
15.5838	1340
15.5917	1554
15.5997	1738
15.6077	1903
15.6147	2053
15.6217	2192
15.6288	2323
15.6307	2446
15.6367	2563
15.6386	2675
15.6447	2782
15.6466	2885
15.6527	2984
15.6546	3080
15.6597	3173
15.6616	3263
15.6668	3351
15.6686	3436
15.6705	3519
15.6747	3600
15.6766	3679
15.6785	3757
15.6827	3833
15.6846	3907
15.6865	3980
15.6897	4052
15.6916	4122
15.6935	4191
15.6968	4259
15.6987	4326
15.7005	4392
15.7038	4457
15.7057	4521
15.7076	4584
15.7095	4646
15.7118	4707
15.7137	4768
15.7155	4828
15.7174	4887
15.7189	4945
15.7208	5003
15.7225	5060
15.728	5116
15.7296	5172
15.736	5227
15.7376	5281
15.744	5335
15.7456	5388
15.752	5441
15.7536	5493
15.76	5545
15.7616	5596
15.768	5647
15.7696	5697
15.776	5747
15.7776	5796
15.784	5845
15.7856	5894
15.792	5942
15.7936	5990
15.8	6037
15.8016	6084
15.808	6131
15.8096	6177
15.816	6223
15.8176	6269
15.824	6314
15.8256	6359
15.832	6404
15.8336	6448
15.84	6492
15.8416	6536
15.848	6579
15.8496	6622
15.856	6665
15.8576	6708
15.864	6750
15.8656	6792
15.872	6834
15.8736	6876
15.88	6917
15.8816	6958
15.888	6999
15.8896	7040
15.896	7080
15.8976	7120
15.904	7160
15.9056	7200
15.912	7239
15.9136	7278
15.92	7317
15.9216	7356
15.928	7395
15.9296	7433
15.936	7471
15.9376	7509
15.944	7547
15.9456	7585
15.952	7622
15.9536	7659
15.96	7696
15.9616	7733
15.968	7770
15.9696	7806
15.976	7842
15.9776	7878
15.984	7914
15.9856	7950
15.992	7986
15.9936	8021
16	8056
16.0016	8091
16.008	8126
16.0096	8161
16.016	8196
16.0176	8231
16.024	8265
16.0256	8299
16.032	8333
16.0336	8367
16.04	8401
16.0416	8435
16.048	8469
16.0496	8502
16.056	8535
16.0576	8568
16.064	8601
16.0656	8634
16.072	8667
16.0736	8700
16.08	8733
16.0816	8765
16.088	8797
16.0896	8829
16.096	8861
16.0976	8893
16.104	8925
16.1056	8957
16.112	8989
16.1136	9020
16.12	9051
16.1216	9082
16.128	9113
16.1296	9144
16.136	9175
16.1376	9206
16.144	9237
16.1456	9268
16.152	9298
16.1536	9328
16.16	9358
16.1616	9388
16.168	9418
16.1696	9448
16.176	9478
16.1776	9508
16.184	9538
16.1856	9568
16.192	9598
16.1936	9627
16.2	9656
16.2016	9685
16.208	9714
16.2096	9743
16.216	9772
16.2176	9801
16.224	9830
16.2256	9859
16.232	9888
16.2336	9917
16.24	9945
16.2416	9973
16.248	10001
16.2496	10029
16.256	10057
16.2576	10085
16.264	10113
16.2656	10141
RxDrop at 16.2698
16.272	10169
16.28	1072
16.294	1340
16.302	1554
16.31	1738
16.318	1903
16.325	2053
16.332	2192
16.3391	2323
16.341	2446
16.347	2563
16.3489	2675
16.355	2782
16.3569	2885
16.363	2984
16.3649	3080
16.37	3173
16.3719	3263
16.377	3351
16.3789	3436
16.3808	3519
16.385	3600
16.3869	3679
16.3888	3757
16.393	3833
16.3949	3907
16.3968	3980
16.4	4052
16.4019	4122
16.4038	4191
16.408	4259
16.4096	4326
16.416	4392
16.4176	4457
16.424	4521
16.4256	4584
16.432	4646
16.4336	4707
16.44	4768
16.4416	4828
16.448	4887
16.4496	4945
16.456	5003
16.4576	5060
16.464	5116
16.4656	5172
16.472	5227
16.4736	5281
16.48	5335
16.4816	5388
16.488	5441
16.4896	5493
16.496	5545
16.4976	5596
16.504	5647
16.5056	5697
RxDrop at 16.5098
16.512	5747
16.52	1072
16.534	1340
16.542	1554
16.55	1738
16.558	1903
16.565	2053
16.572	2192
16.5791	2323
16.581	2446
16.587	2563
16.5889	2675
16.595	2782
16.5969	2885
16.603	2984
16.6049	3080
16.61	3173
16.6119	3263
16.617	3351
16.6189	3436
16.6208	3519
16.625	3600
16.6269	3679
16.6288	3757
16.633	3833
16.6349	3907
16.6368	3980
16.64	4052
16.6419	4122
16.6438	4191
16.648	4259
16.6496	4326
16.656	4392
16.6576	4457
16.664	4521
16.6656	4584
16.672	4646
16.6736	4707
16.68	4768
16.6816	4828
16.688	4887
16.6896	4945
16.696	5003
16.6976	5060
16.704	5116
16.7056	5172
16.712	5227
16.7136	5281
16.72	5335
16.7216	5388
16.728	5441
16.7296	5493
16.736	5545
16.7376	5596
16.744	5647
16.7456	5697
16.752	5747
16.7536	5796
16.76	5845
16.7616	5894
16.768	5942
16.7696	5990
16.776	6037
16.7776	6084
16.784	6131
16.7856	6177
16.792	6223
16.7936	6269
16.8	6314
16.8016	6359
16.808	6404
16.8096	6448
16.816	6492
16.8176	6536
16.824	6579
16.8256	6622
16.832	6665
16.8336	6708
16.84	6750
16.8416	6792
16.848	6834
16.8496	6876
16.856	6917
16.8576	6958
16.864	6999
16.8656	7040
16.872	7080
16.8736	7120
16.88	7160
16.8816	7200
16.888	7239
16.8896	7278
16.896	7317
16.8976	7356
16.904	7395
16.9056	7433
16.912	7471
16.9136	7509
16.92	7547
16.9216	7585
16.928	7622
16.9296	7659
16.936	7696
16.9376	7733
16.944	7770
16.9456	7806
16.952	7842
16.9536	7878
16.96	7914
16.9616	7950
16.968	7986
16.9696	8021
16.976	8056
16.9776	8091
16.984	8126
16.9856	8161
16.992	8196
16.9936	8231
17	8265
17.0016	8299
17.008	8333
17.0096	8367
17.016	8401
17.0176	8435
17.024	8469
17.0256	8502
17.032	8535
17.0336	8568
17.04	8601
17.0416	8634
17.048	8667
17.0496	8700
17.056	8733
17.0576	8765
17.064	8797
17.0656	8829
17.072	8861
17.0736	8893
17.08	8925
17.0816	8957
17.088	8989
17.0896	9020
17.096	9051
17.0976	9082
17.104	9113
17.1056	9144
17.112	9175
17.1136	9206
17.12	9237
17.1216	9268
17.128	9298
17.1296	9328
17.136	9358
17.1376	9388
17.144	9418
17.1456	9448
17.152	9478
17.1536	9508
17.16	9538
17.1616	9568
17.168	9598
17.1696	9627
17.176	9656
17.1776	9685
17.184	9714
17.1856	9743
17.192	9772
17.1936	9801
17.2	9830
17.2016	9859
17.208	9888
17.2096	9917
17.216	9945
17.2176	9973
17.224	10001
17.2256	10029
17.232	10057
17.2336	10085
RxDrop at 17.2369
17.2409	10113
17.247	1072
17.2611	1340
17.2691	1554
17.2771	1738
17.285	1903
17.2921	2053
17.2991	2192
17.3061	2323
17.308	2446
17.3141	2563
17.316	2675
17.3221	2782
17.324	2885
17.33	2984
17.3319	3080
17.3371	3173
17.339	3263
17.3441	3351
17.346	3436
17.3479	3519
17.3521	3600
17.354	3679
17.3559	3757
17.3601	3833
17.3619	3907
17.3638	3980
17.3671	4052
17.369	4122
17.3708	4191
17.376	4259
17.3776	4326
17.384	4392
17.3856	4457
17.392	4521
17.3936	4584
17.4	4646
17.4016	4707
RxDrop at 17.4049
17.4089	4768
17.415	1072
17.4291	1340
17.4371	1554
17.4451	1738
17.453	1903
17.4601	2053
17.4671	2192
17.4741	2323
17.476	2446
17.4821	2563
17.484	2675
17.4901	2782
17.492	2885
17.498	2984
17.4999	3080
17.5051	3173
17.507	3263
17.5121	3351
17.514	3436
17.5159	3519
17.5201	3600
17.522	3679
17.5239	3757
RxDrop at 17.525
17.529	3833
17.5309	1072
17.5459	1340
17.5539	1554
17.5619	1738
17.5698	1903
17.5769	2053
17.5839	2192
17.5909	2323
17.5928	2446
17.5989	2563
17.6008	2675
17.6069	2782
17.6088	2885
17.6149	2984
17.6167	3080
17.6219	3173
17.6238	3263
17.6289	3351
17.6308	3436
17.6327	3519
17.6369	3600
17.6388	3679
17.6407	3757
17.6449	3833
17.6467	3907
17.6486	3980
17.6519	4052
17.6538	4122
17.655	4191
17.6569	4259
17.663	4326
17.6649	4392
17.671	4457
17.6729	4521
17.679	4584
17.6809	4646
17.687	4707
17.6889	4768
17.695	4828
17.6969	4887
RxDrop at 17.7018
17.703	4945
17.7056	5003
17.712	1072
17.726	1340
17.734	1554
17.742	1738
17.75	1903
17.757	2053
17.764	2192
17.7711	2323
17.773	2446
17.779	2563
17.7809	2675
17.787	2782
17.7889	2885
17.795	2984
17.7969	3080
17.802	3173
17.8039	3263
17.809	3351
17.8109	3436
17.8128	3519
17.817	3600
17.8189	3679
17.8208	3757
17.825	3833
17.8269	3907
17.8288	3980
17.832	4052
17.8339	4122
17.8358	4191
17.84	4259
17.8416	4326
17.848	4392
17.8496	4457
17.856	4521
17.8576	4584
17.864	4646
17.8656	4707
17.872	4768
17.8736	4828
17.88	4887
17.8816	4945
17.888	5003
17.8896	5060
17.896	5116
17.8976	5172
17.904	5227
17.9056	5281
17.912	5335
17.9136	5388
17.92	5441
17.9216	5493
17.928	5545
17.9296	5596
17.936	5647
17.9376	5697
17.944	5747
17.9456	5796
17.952	5845
17.9536	5894
17.96	5942
17.9616	5990
17.968	6037
17.9696	6084
17.976	6131
17.9776	6177
17.984	6223
17.9856	6269
17.992	6314
17.9936	6359
18	6404
18.0016	6448
18.008	6492
18.0096	6536
18.016	6579
18.0176	6622
18.024	6665
18.0256	6708
18.032	6750
18.0336	6792
18.04	6834
18.0416	6876
18.048	6917
18.0496	6958
18.056	6999
18.0576	7040
18.064	7080
18.0656	7120
18.072	7160
18.0736	7200
18.08	7239
18.0816	7278
18.088	7317
18.0896	7356
18.096	7395
18.0976	7433
18.104	7471
18.1056	7509
18.112	7547
18.1136	7585
18.12	7622
18.1216	7659
18.128	7696
18.1296	7733
18.136	7770
18.1376	7806
18.144	7842
18.1456	7878
18.152	7914
18.1536	7950
18.16	7986
18.1616	8021
18.168	8056
18.1696	8091
18.176	8126
18.1776	8161
18.184	8196
18.1856	8231
18.192	8265
18.1936	8299
18.2	8333
18.2016	8367
18.208	8401
18.2096	8435
18.216	8469
18.2176	8502
18.224	8535
18.2256	8568
18.232	8601
18.2336	8634
18.24	8667
18.2416	8700
18.248	8733
18.2496	8765
18.256	8797
18.2576	8829
18.264	8861
18.2656	8893
18.272	8925
18.2736	8957
18.28	8989
18.2816	9020
18.288	9051
18.2896	9082
18.296	9113
18.2976	9144
18.304	9175
18.3056	9206
18.312	9237
18.3136	9268
18.32	9298
18.3216	9328
18.328	9358
18.3296	9388
18.336	9418
18.3376	9448
18.344	9478
18.3456	9508
18.352	9538
18.3536	9568
18.36	9598
18.3616	9627
18.368	9656
18.3696	9685
18.376	9714
18.3776	9743
18.384	9772
18.3856	9801
18.392	9830
18.3936	9859
18.4	9888
18.4016	9917
18.408	9945
18.4096	9973
18.416	10001
18.4176	10029
18.424	10057
18.4256	10085
18.432	10113
18.4336	10141
18.44	10169
18.4416	10197
18.448	10225
18.4496	10253
18.456	10281
18.4576	10308
18.464	10335
18.4656	10362
18.472	10389
18.4736	10416
18.48	10443
18.4816	10470
18.488	10497
18.4896	10524
18.496	10551
18.4976	10578
18.504	10605
18.5056	10632
18.512	10659
18.5136	10685
RxDrop at 18.5185
18.52	10711
18.527	10737
18.5289	1072
18.5456	1340
18.5536	1554
18.5616	1738
18.5695	1903
18.5766	2053
18.5836	2192
18.5906	2323
18.5925	2446
18.5986	2563
18.6005	2675
18.6066	2782
18.6085	2885
18.6146	2984
18.6164	3080
18.6216	3173
18.6235	3263
18.6286	3351
18.6305	3436
18.6324	3519
18.6366	3600
18.6385	3679
18.6404	3757
18.6446	3833
18.6465	3907
18.6479	3980
18.6516	4052
18.655	4122
18.6569	4191
18.663	4259
18.6649	4326
18.671	4392
18.6729	4457
18.679	4521
18.6809	4584
18.687	4646
18.6889	4707
18.695	4768
18.6969	4828
18.703	4887
18.7049	4945
18.711	5003
18.7129	5060
18.719	5116
18.7209	5172
18.727	5227
18.7289	5281
18.735	5335
18.7369	5388
18.743	5441
18.7449	5493
18.751	5545
18.7529	5596
18.759	5647
18.7609	5697
18.767	5747
18.7689	5796
18.775	5845
18.7769	5894
18.783	5942
18.7849	5990
18.791	6037
18.7929	6084
18.799	6131
18.8009	6177
18.807	6223
18.8089	6269
18.815	6314
18.8169	6359
18.823	6404
18.8249	6448
18.831	6492
18.8329	6536
18.839	6579
18.8409	6622
18.847	6665
18.8489	6708
18.855	6750
18.8569	6792
18.863	6834
18.8649	6876
18.871	6917
18.8729	6958
18.879	6999
18.8809	7040
18.887	7080
18.8889	7120
18.895	7160
18.8969	7200
18.903	7239
18.9049	7278
18.911	7317
18.9129	7356
18.919	7395
18.9209	7433
18.927	7471
18.9289	7509
18.935	7547
18.9369	7585
18.943	7622
18.9449	7659
RxDrop at 18.9479
18.952	7696
18.9536	1072
18.9696	1340
18.9776	1554
18.9856	1738
18.9935	1903
19.0006	2053
19.0076	2192
19.0146	2323
19.0165	2446
19.0226	2563
19.0245	2675
19.0306	2782
19.0325	2885
19.0386	2984
19.0404	3080
19.0456	3173
19.0475	3263
19.0526	3351
19.0545	3436
19.0564	3519
19.0606	3600
19.0625	3679
19.0644	3757
19.0686	3833
19.0705	3907
19.0719	3980
19.0756	4052
19.079	4122
19.0809	4191
19.087	4259
19.0889	4326
19.095	4392
19.0969	4457
19.103	4521
19.1049	4584
19.111	4646
19.1129	4707
19.119	4768
19.1209	4828
19.127	4887
19.1289	4945
19.135	5003
19.1369	5060
19.143	5116
19.1449	5172
19.151	5227
19.1529	5281
19.159	5335
19.1609	5388
19.167	5441
19.1689	5493
19.175	5545
19.1769	5596
19.183	5647
19.1849	5697
19.191	5747
19.1929	5796
19.199	5845
19.2009	5894
19.207	5942
19.2089	5990
19.215	6037
19.2169	6084
19.223	6131
19.2249	6177
19.231	6223
19.2329	6269
19.239	6314
19.2409	6359
19.247	6404
19.2489	6448
19.255	6492
19.2569	6536
19.263	6579
19.2649	6622
19.271	6665
19.2729	6708
19.279	6750
19.2809	6792
19.287	6834
19.2889	6876
19.295	6917
19.2969	6958
19.303	6999
19.3049	7040
19.311	7080
19.3129	7120
19.319	7160
19.3209	7200
19.327	7239
19.3289	7278
19.335	7317
19.3369	7356
19.343	7395
19.3449	7433
19.351	7471
19.3529	7509
19.359	7547
19.3609	7585
19.367	7622
19.3689	7659
19.375	7696
19.3769	7733
19.383	7770
19.3849	7806
19.391	7842
19.3929	7878
19.399	7914
19.4009	7950
19.407	7986
19.4089	8021
19.415	8056
19.4169	8091
19.423	8126
19.4249	8161
19.431	8196
19.4329	8231
19.439	8265
19.4409	8299
19.447	8333
19.4489	8367
19.455	8401
19.4569	8435
19.463	8469
19.4649	8502
19.471	8535
19.4729	8568
19.479	8601
19.4809	8634
19.487	8667
19.4889	8700
19.495	8733
19.4969	8765
19.503	8797
19.5049	8829
19.511	8861
19.5129	8893
19.519	8925
19.5209	8957
19.527	8989
19.5289	9020
19.535	9051
19.5369	9082
19.543	9113
19.5449	9144
19.551	9175
19.5529	9206
19.559	9237
19.5609	9268
19.567	9298
19.5689	9328
19.575	9358
19.5769	9388
19.583	9418
19.5849	9448
19.591	9478
19.5929	9508
19.599	9538
19.6009	9568
19.607	9598
19.6089	9627
19.615	9656
19.6169	9685
19.623	9714
19.6249	9743
19.631	9772
19.6329	9801
19.639	9830
19.6409	9859
19.647	9888
19.6489	9917
19.655	9945
19.6569	9973
19.663	10001
19.6649	10029
19.671	10057
19.6729	10085
19.679	10113
19.6809	10141
19.687	10169
19.6889	10197
19.695	10225
19.6969	10253
19.703	10281
19.7049	10308
19.711	10335
19.7129	10362
19.719	10389
19.7209	10416
19.727	10443
19.7289	10470
19.735	10497
19.7369	10524
19.743	10551
19.7449	10578
19.751	10605
19.7529	10632
19.759	10659
19.7609	10685
19.767	10711
19.7689	10737
RxDrop at 19.7719
19.776	10763
19.7776	1072
19.7936	1340
19.8016	1554
19.8096	1738
19.8175	1903
19.8246	2053
19.8316	2192
19.8386	2323
19.8405	2446
19.8466	2563
19.8485	2675
19.8546	2782
19.8565	2885
19.8626	2984
19.8644	3080
19.8696	3173
19.8715	3263
19.8766	3351
19.8785	3436
19.8804	3519
RxDrop at 19.8824
19.8846	3600
19.8884	1072
19.903	1340
19.911	1554
RxDrop at 19.9158
20.118	1738
20.1321	1072
20.1461	1340
20.1541	1554
20.1621	1738
20.1701	1903
20.1771	2053
20.1841	2192
20.1911	2323
20.193	2446
20.1991	2563
20.201	2675
20.2071	2782
20.209	2885
20.2151	2984
20.217	3080
20.2221	3173
20.224	3263
20.2291	3351
20.231	3436
20.2329	3519
20.2371	3600
20.239	3679
20.2409	3757
20.2451	3833
20.247	3907
20.2489	3980
20.2521	4052
20.254	4122
20.2559	4191
20.2591	4259
20.261	4326
20.2629	4392
20.2662	4457
20.2681	4521
20.2699	4584
20.2718	4646
20.2741	4707
20.276	4768
20.2779	4828
20.2798	4887
20.2821	4945
20.284	5003
20.2859	5060
20.2878	5116
20.2897	5172
20.2916	5227
20.2934	5281
20.2953	5335
20.2972	5388
20.2991	5441
20.301	5493
20.3029	5545
20.3048	5596
20.3067	5647
20.3085	5697
20.3104	5747
20.3123	5796
20.3142	5845
20.3161	5894
20.318	5942
20.3199	5990
20.3218	6037
20.3237	6084
20.3255	6131
20.3274	6177
20.3293	6223
20.3312	6269
20.3331	6314
20.335	6359
20.3369	6404
20.3388	6448
20.3406	6492
20.3425	6536
20.3444	6579
20.3463	6622
20.3482	6665
20.3501	6708
20.352	6750
20.3539	6792
20.3557	6834
20.3576	6876
20.3595	6917
20.3614	6958
20.3633	6999
20.3652	7040
20.3671	7080
20.369	7120
20.3709	7160
20.3727	7200
20.3746	7239
20.3765	7278
20.3784	7317
20.3803	7356
20.3822	7395
20.3841	7433
20.386	7471
20.3878	7509
20.3897	7547
20.3916	7585
20.3935	7622
20.3954	7659
20.3973	7696
20.3992	7733
20.4011	7770
20.4029	7806
20.4048	7842
20.4067	7878
20.4086	7914
20.4105	7950
20.4124	7986
20.4143	8021
20.4162	8056
20.4181	8091
20.4199	8126
20.4218	8161
20.4237	8196
20.4256	8231
20.4275	8265
20.4294	8299
20.4313	8333
20.4332	8367
20.435	8401
20.4367	8435
20.44	8469
20.4416	8502
20.448	8535
20.4496	8568
20.456	8601
20.4576	8634
20.464	8667
20.4656	8700
20.472	8733
20.4736	8765
20.48	8797
20.4816	8829
20.488	8861
20.4896	8893
20.496	8925
20.4976	8957
20.504	8989
20.5056	9020
20.512	9051
20.5136	9082
20.52	9113
20.5216	9144
20.528	9175
20.5296	9206
20.536	9237
20.5376	9268
20.544	9298
20.5456	9328
20.552	9358
20.5536	9388
20.56	9418
20.5616	9448
20.568	9478
20.5696	9508
20.576	9538
20.5776	9568
20.584	9598
20.5856	9627
20.592	9656
20.5936	9685
20.6	9714
20.6016	9743
20.608	9772
20.6096	9801
20.616	9830
20.6176	9859
20.624	9888
20.6256	9917
20.632	9945
20.6336	9973
20.64	10001
20.6416	10029
20.648	10057
20.6496	10085
20.656	10113
20.6576	10141
20.664	10169
20.6656	10197
20.672	10225
20.6736	10253
20.68	10281
20.6816	10308
20.688	10335
20.6896	10362
20.696	10389
20.6976	10416
20.704	10443
20.7056	10470
20.712	10497
20.7136	10524
20.72	10551
20.7216	10578
20.728	10605
20.7296	10632
20.736	10659
20.7376	10685
20.744	10711
20.7456	10737
20.752	10763
20.7536	10789
20.76	10815
20.7616	10841
20.768	10867
20.7696	10893
20.776	10919
20.7776	10945
20.784	10971
20.7856	10997
20.792	11023
20.7936	11049
20.8	11075
20.8016	11100
20.808	11125
20.8096	11150
20.816	11175
20.8176	11200
20.824	11225
20.8256	11250
20.832	11275
20.8336	11300
20.84	11325
20.8416	11350
20.848	11375
20.8496	11400
20.856	11425
20.8576	11450
20.864	11475
20.8656	11500
20.872	11524
20.8736	11548
20.88	11572
20.8816	11596
20.888	11620
20.8896	11644
20.896	11668
20.8976	11692
20.904	11716
20.9056	11740
20.912	11764
20.9136	11788
20.92	11812
20.9216	11836
20.928	11860
20.9296	11884
20.936	11908
20.9376	11932
20.944	11956
20.9456	11980
20.952	12003
20.9536	12026
20.96	12049
20.9616	12072
20.968	12095
20.9696	12118
20.976	12141
20.9776	12164
20.984	12187
20.9856	12210
20.992	12233
20.9936	12256
21	12279
21.0016	12302
21.008	12325
21.0096	12348
21.016	12371
21.0176	12394
21.024	12417
21.0256	12440
21.032	12463
21.0336	12486
21.04	12509
21.0416	12531
21.048	12553
21.0496	12575
21.056	12597
21.0576	12619
21.064	12641
21.0656	12663
21.072	12685
21.0736	12707
21.08	12729
21.0816	12751
RxDrop at 21.0839
21.0896	1072
21.1056	1340
21.1136	1554
21.1216	1738
21.1295	1903
21.1366	2053
21.1436	2192
21.1506	2323
21.1525	2446
21.1586	2563
21.1605	2675
21.1666	2782
21.1685	2885
21.1746	2984
21.1764	3080
21.1816	3173
21.1835	3263
21.1886	3351
21.1905	3436
21.1924	3519
21.1966	3600
21.1985	3679
21.2004	3757
21.2046	3833
21.2065	3907
21.2079	3980
21.2116	4052
21.215	4122
21.2169	4191
21.223	4259
21.2249	4326
21.231	4392
21.2329	4457
21.239	4521
21.2409	4584
21.247	4646
21.2489	4707
21.255	4768
21.2569	4828
21.263	4887
21.2649	4945
21.271	5003
21.2729	5060
21.279	5116
21.2809	5172
21.287	5227
21.2889	5281
21.295	5335
21.2969	5388
21.303	5441
21.3049	5493
21.311	5545
21.3129	5596
21.319	5647
21.3209	5697
21.327	5747
21.3289	5796
21.335	5845
21.3369	5894
21.343	5942
21.3449	5990
21.351	6037
21.3529	6084
21.359	6131
21.3609	6177
21.367	6223
21.3689	6269
21.375	6314
21.3769	6359
21.383	6404
21.3849	6448
21.391	6492
21.3929	6536
21.399	6579
21.4009	6622
21.407	6665
21.4089	6708
21.415	6750
21.4169	6792
21.423	6834
21.4249	6876
21.431	6917
21.4329	6958
21.439	6999
21.4409	7040
21.447	7080
21.4489	7120
21.455	7160
21.4569	7200
21.463	7239
21.4649	7278
21.471	7317
21.4729	7356
21.479	7395
21.4809	7433
21.487	7471
21.4889	7509
21.495	7547
21.4969	7585
21.503	7622
21.5049	7659
21.511	7696
21.5129	7733
21.519	7770
21.5209	7806
21.527	7842
21.5289	7878
21.535	7914
21.5369	7950
21.543	7986
21.5449	8021
21.551	8056
21.5529	8091
21.559	8126
21.5609	8161
21.567	8196
21.5689	8231
21.575	8265
21.5769	8299
21.583	8333
21.5849	8367
21.591	8401
21.5929	8435
21.599	8469
21.6009	8502
21.607	8535
21.6089	8568
21.615	8601
21.6169	8634
21.623	8667
21.6249	8700
21.631	8733
21.6329	8765
21.639	8797
21.6409	8829
21.647	8861
21.6489	8893
21.655	8925
21.6569	8957
21.663	8989
21.6649	9020
21.671	9051
21.6729	9082
21.679	9113
21.6809	9144
21.687	9175
21.6889	9206
21.695	9237
21.6969	9268
21.703	9298
21.7049	9328
21.711	9358
21.7129	9388
21.719	9418
21.7209	9448
21.727	9478
21.7289	9508
21.735	9538
21.7369	9568
21.743	9598
21.7449	9627
21.751	9656
21.7529	9685
21.759	9714
21.7609	9743
21.767	9772
21.7689	9801
21.775	9830
21.7769	9859
21.783	9888
21.7849	9917
21.791	9945
21.7929	9973
21.799	10001
21.8009	10029
21.807	10057
21.8089	10085
21.815	10113
21.8169	10141
21.823	10169
21.8249	10197
21.831	10225
21.8329	10253
21.839	10281
21.8409	10308
21.847	10335
21.8489	10362
21.855	10389
21.8569	10416
21.863	10443
21.8649	10470
21.871	10497
21.8729	10524
21.879	10551
21.8809	10578
21.887	10605
21.8889	10632
21.895	10659
21.8969	10685
21.903	10711
21.9049	10737
21.911	10763
21.9129	10789
21.919	10815
21.9209	10841
21.927	10867
21.9289	10893
21.935	10919
21.9369	10945
21.943	10971
21.9449	10997
21.951	11023
21.9529	11049
21.959	11075
21.9609	11100
21.967	11125
21.9689	11150
21.975	11175
21.9769	11200
21.983	11225
21.9849	11250
21.991	11275
21.9929	11300
21.999	11325
22.0009	11350
22.007	11375
22.0089	11400
22.015	11425
22.0169	11450
22.023	11475
22.0249	11500
22.031	11524
22.0329	11548
22.039	11572
22.0409	11596
22.047	11620
22.0489	11644
22.055	11668
22.0569	11692
22.063	11716
22.0649	11740
22.071	11764
22.0729	11788
22.079	11812
22.0809	11836
22.087	11860
22.0889	11884
22.095	11908
22.0969	11932
22.103	11956
22.1049	11980
22.111	12003
22.1129	12026
22.119	12049
22.1209	12072
22.127	12095
22.1289	12118
22.135	12141
22.1369	12164
22.143	12187
22.1449	12210
22.151	12233
22.1529	12256
22.159	12279
22.1609	12302
22.167	12325
22.1689	12348
22.175	12371
22.1769	12394
22.183	12417
22.1849	12440
22.191	12463
22.1929	12486
22.199	12509
22.2009	12531
22.207	12553
22.2089	12575
22.215	12597
22.2169	12619
22.223	12641
22.2249	12663
22.231	12685
22.2329	12707
22.239	12729
22.2409	12751
22.247	12773
22.2489	12795
22.255	12817
22.2569	12839
22.263	12861
22.2649	12883
22.271	12905
22.2729	12927
22.279	12949
22.2809	12971
22.287	12993
22.2889	13015
22.295	13037
22.2969	13059
22.303	13080
22.3049	13101
22.311	13122
22.3129	13143
22.319	13164
22.3209	13185
22.327	13206
22.3289	13227
22.335	13248
22.3369	13269
22.343	13290
22.3449	13311
22.351	13332
22.3529	13353
22.359	13374
22.3609	13395
22.367	13416
22.3689	13437
22.375	13458
22.3769	13479
22.383	13500
22.3849	13521
22.391	13542
22.3929	13563
22.399	13584
22.4009	13605
22.407	13626
22.4089	13647
22.415	13668
22.4169	13689
22.423	13709
22.4249	13729
22.431	13749
22.4329	13769
22.439	13789
22.4409	13809
22.447	13829
22.4489	13849
22.455	13869
22.4569	13889
22.463	13909
22.4649	13929
22.471	13949
22.4729	13969
22.479	13989
22.4809	14009
22.487	14029
22.4889	14049
22.495	14069
22.4969	14089
22.503	14109
22.5049	14129
22.511	14149
22.5129	14169
22.519	14189
22.5209	14209
22.527	14229
22.5289	14249
22.535	14269
22.5369	14289
22.543	14309
22.5449	14329
22.551	14349
22.5529	14369
22.559	14388
22.5609	14407
22.567	14426
22.5689	14445
22.575	14464
22.5769	14483
22.583	14502
22.5849	14521
22.591	14540
22.5929	14559
22.599	14578
22.6009	14597
22.607	14616
22.6089	14635
22.615	14654
22.6169	14673
22.623	14692
22.6249	14711
22.631	14730
22.6329	14749
22.639	14768
22.6409	14787
22.647	14806
22.6489	14825
22.655	14844
22.6569	14863
22.663	14882
22.6649	14901
22.671	14920
22.6729	14939
22.679	14958
22.6809	14977
22.687	14996
22.6889	15015
22.695	15034
22.6969	15053
22.703	15072
22.7049	15091
22.711	15110
22.7129	15129
22.719	15147
22.7209	15165
22.727	15183
22.7289	15201
22.735	15219
22.7369	15237
22.743	15255
22.7449	15273
22.751	15291
22.7529	15309
22.759	15327
22.7609	15345
22.767	15363
22.7689	15381
22.775	15399
22.7769	15417
RxDrop at 22.7799
22.784	15435
22.7856	1072
22.8016	1340
22.8096	1554
22.8176	1738
22.8255	1903
22.8326	2053
22.8396	2192
22.8466	2323
22.8485	2446
22.8546	2563
22.8565	2675
22.8626	2782
22.8645	2885
22.8706	2984
22.8724	3080
22.8776	3173
22.8795	3263
22.8846	3351
22.8865	3436
22.8884	3519
22.8926	3600
22.8945	3679
22.8964	3757
22.9006	3833
22.9025	3907
22.9039	3980
22.9076	4052
22.911	4122
22.9129	4191
22.919	4259
22.9209	4326
22.927	4392
22.9289	4457
22.935	4521
22.9369	4584
22.943	4646
22.9449	4707
22.951	4768
22.9529	4828
22.959	4887
22.9609	4945
22.967	5003
22.9689	5060
22.975	5116
22.9769	5172
22.983	5227
22.9849	5281
22.991	5335
22.9929	5388
22.999	5441
23.0009	5493
23.007	5545
23.0089	5596
23.015	5647
23.0169	5697
23.023	5747
23.0249	5796
23.031	5845
23.0329	5894
23.039	5942
23.0409	5990
RxDrop at 23.0439
23.0496	1072
23.0656	1340
23.0736	1554
23.0816	1738
23.0895	1903
23.0966	2053
23.1036	2192
23.1106	2323
23.1125	2446
23.1186	2563
23.1205	2675
23.1266	2782
23.1285	2885
23.1346	2984
23.1364	3080
23.1416	3173
23.1435	3263
23.1486	3351
23.1505	3436
23.1524	3519
23.1566	3600
23.1585	3679
23.1604	3757
23.1646	3833
23.1665	3907
23.1679	3980
23.1716	4052
23.175	4122
23.1769	4191
23.183	4259
23.1849	4326
RxDrop at 23.1898
23.191	4392
23.1936	4457
23.2	1072
23.214	1340
23.222	1554
23.23	1738
23.238	1903
23.245	2053
23.252	2192
23.2591	2323
23.261	2446
23.267	2563
23.2689	2675
23.275	2782
23.2769	2885
23.283	2984
23.2849	3080
23.29	3173
23.2919	3263
23.297	3351
23.2989	3436
23.3008	3519
23.305	3600
23.3069	3679
23.3088	3757
23.313	3833
23.3149	3907
23.3168	3980
23.32	4052
23.3219	4122
23.3238	4191
23.328	4259
23.3296	4326
23.336	4392
23.3376	4457
23.344	4521
23.3456	4584
23.352	4646
23.3536	4707
23.36	4768
23.3616	4828
23.368	4887
23.3696	4945
23.376	5003
23.3776	5060
23.384	5116
23.3856	5172
23.392	5227
23.3936	5281
23.4	5335
23.4016	5388
23.408	5441
23.4096	5493
23.416	5545
23.4176	5596
23.424	5647
23.4256	5697
23.432	5747
23.4336	5796
23.44	5845
23.4416	5894
23.448	5942
23.4496	5990
23.456	6037
23.4576	6084
23.464	6131
23.4656	6177
23.472	6223
23.4736	6269
23.48	6314
23.4816	6359
23.488	6404
23.4896	6448
23.496	6492
23.4976	6536
23.504	6579
23.5056	6622
23.512	6665
23.5136	6708
23.52	6750
23.5216	6792
23.528	6834
23.5296	6876
23.536	6917
23.5376	6958
23.544	6999
23.5456	7040
23.552	7080
23.5536	7120
23.56	7160
23.5616	7200
23.568	7239
23.5696	7278
23.576	7317
23.5776	7356
23.584	7395
23.5856	7433
23.592	7471
23.5936	7509
23.6	7547
23.6016	7585
23.608	7622
23.6096	7659
23.616	7696
23.6176	7733
23.624	7770
23.6256	7806
23.632	7842
23.6336	7878
23.64	7914
23.6416	7950
23.648	7986
23.6496	8021
23.656	8056
23.6576	8091
23.664	8126
23.6656	8161
23.672	8196
23.6736	8231
23.68	8265
23.6816	8299
23.688	8333
23.6896	8367
23.696	8401
23.6976	8435
23.704	8469
23.7056	8502
23.712	8535
23.7136	8568
23.72	8601
23.7216	8634
23.728	8667
23.7296	8700
23.736	8733
23.7376	8765
23.744	8797
23.7456	8829
23.752	8861
23.7536	8893
23.76	8925
23.7616	8957
23.768	8989
23.7696	9020
23.776	9051
23.7776	9082
23.784	9113
23.7856	9144
23.792	9175
23.7936	9206
23.8	9237
23.8016	9268
RxDrop at 23.8039
23.8096	1072
23.8256	1340
23.8336	1554
23.8416	1738
23.8495	1903
23.8566	2053
23.8636	2192
23.8706	2323
23.8725	2446
23.8786	2563
23.8805	2675
23.8866	2782
23.8885	2885
23.8946	2984
23.8964	3080
23.9016	3173
23.9035	3263
23.9086	3351
23.9105	3436
23.9124	3519
23.9166	3600
23.9185	3679
23.9204	3757
23.9246	3833
23.9265	3907
23.9279	3980
23.9316	4052
23.935	4122
23.9369	4191
23.943	4259
23.9449	4326
23.951	4392
23.9529	4457
23.959	4521
23.9609	4584
23.967	4646
23.9689	4707
23.975	4768
23.9769	4828
RxDrop at 23.9799
23.984	4887
23.9856	1072
24.0016	1340
24.0096	1554
24.0176	1738
24.0255	1903
24.0326	2053
24.0396	2192
24.0466	2323
24.0485	2446
24.0546	2563
24.0565	2675
24.0626	2782
24.0645	2885
24.0706	2984
24.0724	3080
24.0776	3173
24.0795	3263
24.0846	3351
24.0865	3436
24.0884	3519
24.0926	3600
24.0945	3679
24.0964	3757
24.1006	3833
24.1025	3907
24.1039	3980
24.1076	4052
24.111	4122
24.1129	4191
24.119	4259
24.1209	4326
24.127	4392
24.1289	4457
24.135	4521
24.1369	4584
24.143	4646
24.1449	4707
24.151	4768
24.1529	4828
24.159	4887
24.1609	4945
24.167	5003
24.1689	5060
24.175	5116
24.1769	5172
24.183	5227
24.1849	5281
24.191	5335
24.1929	5388
24.199	5441
24.2009	5493
24.207	5545
24.2089	5596
24.215	5647
24.2169	5697
24.223	5747
24.2249	5796
24.231	5845
24.2329	5894
24.239	5942
24.2409	5990
24.247	6037
24.2489	6084
24.255	6131
24.2569	6177
24.263	6223
24.2649	6269
24.271	6314
24.2729	6359
24.279	6404
24.2809	6448
24.287	6492
24.2889	6536
24.295	6579
24.2969	6622
24.303	6665
24.3049	6708
24.311	6750
24.3129	6792
24.319	6834
24.3209	6876
24.327	6917
24.3289	6958
24.335	6999
24.3369	7040
24.343	7080
24.3449	7120
24.351	7160
24.3529	7200
24.359	7239
24.3609	7278
24.367	7317
24.3689	7356
24.375	7395
24.3769	7433
24.383	7471
24.3849	7509
24.391	7547
24.3929	7585
24.399	7622
24.4009	7659
24.407	7696
24.4089	7733
24.415	7770
24.4169	7806
24.423	7842
24.4249	7878
24.431	7914
24.4329	7950
24.439	7986
24.4409	8021
24.447	8056
24.4489	8091
24.455	8126
24.4569	8161
24.463	8196
24.4649	8231
24.471	8265
24.4729	8299
24.479	8333
24.4809	8367
24.487	8401
24.4889	8435
24.495	8469
24.4969	8502
24.503	8535
24.5049	8568
24.511	8601
24.5129	8634
24.519	8667
24.5209	8700
24.527	8733
24.5289	8765
24.535	8797
24.5369	8829
24.543	8861
24.5449	8893
24.551	8925
24.5529	8957
24.559	8989
24.5609	9020
24.567	9051
24.5689	9082
24.575	9113
24.5769	9144
24.583	9175
24.5849	9206
24.591	9237
24.5929	9268
24.599	9298
24.6009	9328
24.607	9358
24.6089	9388
24.615	9418
24.6169	9448
24.623	9478
24.6249	9508
24.631	9538
24.6329	9568
24.639	9598
24.6409	9627
24.647	9656
24.6489	9685
24.655	9714
24.6569	9743
24.663	9772
24.6649	9801
24.671	9830
24.6729	9859
24.679	9888
24.6809	9917
24.687	9945
24.6889	9973
24.695	10001
24.6969	10029
24.703	10057
24.7049	10085
24.711	10113
24.7129	10141
24.719	10169
24.7209	10197
24.727	10225
24.7289	10253
24.735	10281
24.7369	10308
RxDrop at 24.7399
24.7456	1072
24.7616	1340
24.7696	1554
24.7776	1738
24.7855	1903
24.7926	2053
24.7996	2192
24.8066	2323
24.8085	2446
24.8146	2563
24.8165	2675
24.8226	2782
24.8245	2885
24.8306	2984
24.8324	3080
24.8376	3173
24.8395	3263
24.8446	3351
24.8465	3436
24.8484	3519
24.8526	3600
24.8545	3679
24.8564	3757
24.8606	3833
24.8625	3907
24.8639	3980
24.8676	4052
24.871	4122
24.8729	4191
24.879	4259
24.8809	4326
24.887	4392
24.8889	4457
24.895	4521
24.8969	4584
24.903	4646
24.9049	4707
24.911	4768
24.9129	4828
24.919	4887
24.9209	4945
24.927	5003
24.9289	5060
24.935	5116
24.9369	5172
24.943	5227
24.9449	5281
24.951	5335
24.9529	5388
24.959	5441
24.9609	5493
RxDrop at 24.9658
24.967	5545
24.9696	5596
24.976	1072
24.99	1340
24.998	1554
ns3::TcpWestwood
0 hi 
